-6.494500000000000273e-02
-6.489027499999999726e-02
-6.483582362499999696e-02
-6.478164450687499964e-02
-6.472773628434062843e-02
-6.467409760291892296e-02
-6.462072711490432497e-02
-6.456762347932980262e-02
-6.451478536193315516e-02
-6.446221143512348428e-02
-6.440990037794787348e-02
-6.435785087605813692e-02
-6.430606162167784579e-02
-6.425453131356945180e-02
-6.420325865700160506e-02
-6.415224236371659672e-02
-6.410148115189800988e-02
-6.405097374613852312e-02
-6.400071887740782506e-02
-6.395071528302079256e-02
-6.390096170660568287e-02
-6.385145689807265879e-02
-6.380219961358229996e-02
-6.375318861551439176e-02
-6.370442267243682510e-02
-6.365590055907463518e-02
-6.360762105627926211e-02
-6.355958295099786715e-02
-6.351178503624287097e-02
-6.346422611106165845e-02
-6.341690498050635283e-02
-6.336982045560382582e-02
-6.332297135332580484e-02
-6.327635649655917460e-02
-6.322997471407637571e-02
-6.318382484050599768e-02
-6.313790571630346904e-02
-6.309221618772195561e-02
-6.304675510678334205e-02
-6.300152133124942155e-02
-6.295651372459316886e-02
-6.291173115597020749e-02
-6.286717250019036030e-02
-6.282283663768940818e-02
-6.277872245450095978e-02
-6.273482884222846001e-02
-6.269115469801732343e-02
-6.264769892452723421e-02
-6.260446042990459870e-02
-6.256143812775508128e-02
-6.251863093711630681e-02
-6.247603778243072253e-02
-6.243365759351857114e-02
-6.239148930555098171e-02
-6.234953185902322725e-02
-6.230778419972811399e-02
-6.226624527872947484e-02
-6.222491405233582934e-02
-6.218378948207414769e-02
-6.214287053466377442e-02
-6.210215618199045606e-02
-6.206164540108050076e-02
-6.202133717407509739e-02
-6.198123048820472492e-02
-6.194132433576370056e-02
-6.190161771408488056e-02
-6.186210962551445813e-02
-6.182279907738688629e-02
-6.178368508199995335e-02
-6.174476665658995556e-02
-6.170604282330700852e-02
-6.166751260919047656e-02
-6.162917504614452702e-02
-6.159102917091380247e-02
-6.155307402505923176e-02
-6.151530865493393813e-02
-6.147773211165926538e-02
-6.144034345110097051e-02
-6.140314173384546492e-02
-6.136612602517623610e-02
-6.132929539505035249e-02
-6.129264891807510024e-02
-6.125618567348472404e-02
-6.121990474511729979e-02
-6.118380522139171135e-02
-6.114788619528475216e-02
-6.111214676430833104e-02
-6.107658603048678886e-02
-6.104120310033435415e-02
-6.100599708483268185e-02
-6.097096709940851705e-02
-6.093611226391147662e-02
-6.090143170259192107e-02
-6.086692454407895830e-02
-6.083258992135856524e-02
-6.079842697175177196e-02
-6.076443483689301234e-02
-6.073061266270854408e-02
-6.069695959939500063e-02
-6.066347480139802628e-02
-6.063015742739103625e-02
-6.059700664025408079e-02
-6.056402160705281340e-02
-6.053120149901754926e-02
-6.049854549152246241e-02
-6.046605276406485235e-02
-6.043372250024452857e-02
-6.040155388774330614e-02
-6.036954611830459144e-02
-6.033769838771306515e-02
-6.030600989577449694e-02
-6.027447984629562272e-02
-6.024310744706414672e-02
-6.021189190982882689e-02
-6.018083245027968514e-02
-6.014992828802828706e-02
-6.011917864658814642e-02
-6.008858275335520610e-02
-6.005813983958843000e-02
-6.002784914039048514e-02
-5.999770989468853483e-02
-5.996772134521509423e-02
-5.993788273848901782e-02
-5.990819332479657006e-02
-5.987865235817258630e-02
-5.984925909638172392e-02
-5.982001280089981748e-02
-5.979091273689531721e-02
-5.976195817321083847e-02
-5.973314838234478757e-02
-5.970448264043306391e-02
-5.967596022723090088e-02
-5.964758042609474842e-02
-5.961934252396427353e-02
-5.959124581134445098e-02
-5.956328958228773035e-02
-5.953547313437629329e-02
-5.950779576870441484e-02
-5.948025678986089415e-02
-5.945285550591158930e-02
-5.942559122838202840e-02
-5.939846327224011791e-02
-5.937147095587892026e-02
-5.934461360109952871e-02
-5.931789053309403231e-02
-5.929130108042856423e-02
-5.926484457502641939e-02
-5.923852035215129014e-02
-5.921232775039053653e-02
-5.918626611163858159e-02
-5.916033478108038979e-02
-5.913453310717498718e-02
-5.910886044163911335e-02
-5.908331613943091504e-02
-5.905789955873375768e-02
-5.903261006094008556e-02
-5.900744701063538600e-02
-5.898240977558220910e-02
-5.895749772670429850e-02
-5.893271023807077763e-02
-5.890804668688042617e-02
-5.888350645344602591e-02
-5.885908892117879682e-02
-5.883479347657290248e-02
-5.881061950919003883e-02
-5.878656641164408531e-02
-5.876263357958586703e-02
-5.873882041168793783e-02
-5.871512630962949508e-02
-5.869155067808135007e-02
-5.866809292469093995e-02
-5.864475246006748549e-02
-5.862152869776714875e-02
-5.859842105427831571e-02
-5.857542894900692743e-02
-5.855255180426189449e-02
-5.852978904524058779e-02
-5.850714010001438481e-02
-5.848460439951431306e-02
-5.846218137751674204e-02
-5.843987047062915857e-02
-5.841767111827601139e-02
-5.839558276268463216e-02
-5.837360484887121198e-02
-5.835173682462685418e-02
-5.832997814050371738e-02
-5.830832824980120010e-02
-5.828678660855219490e-02
-5.826535267550943253e-02
-5.824402591213188873e-02
-5.822280578257123251e-02
-5.820169175365837860e-02
-5.818068329489008844e-02
-5.815977987841564056e-02
-5.813898097902356343e-02
-5.811828607412844461e-02
-5.809769464375780235e-02
-5.807720617053901274e-02
-5.805682013968632010e-02
-5.803653603898788899e-02
-5.801635335879294642e-02
-5.799627159199897963e-02
-5.797629023403898241e-02
-5.795640878286878461e-02
-5.793662673895443732e-02
-5.791694360525966728e-02
-5.789735888723336610e-02
-5.787787209279719736e-02
-5.785848273233321071e-02
-5.783919031867154614e-02
-5.781999436707818685e-02
-5.780089439524279532e-02
-5.778188992326658419e-02
-5.776298047365024946e-02
-5.774416557128200095e-02
-5.772544474342559268e-02
-5.770681751970846429e-02
-5.768828343210992415e-02
-5.766984201494937401e-02
-5.765149280487462391e-02
-5.763323534085024874e-02
-5.761506916414600027e-02
-5.759699381832526777e-02
-5.757900884923364271e-02
-5.756111380498747654e-02
-5.754330823596254252e-02
-5.752559169478273227e-02
-5.750796373630882169e-02
-5.749042391762727855e-02
-5.747297179803913941e-02
-5.745560693904894212e-02
-5.743832890435369987e-02
-5.742113725983193084e-02
-5.740403157353277108e-02
-5.738701141566510816e-02
-5.737007635858678428e-02
-5.735322597679384793e-02
-5.733645984690988184e-02
-5.731977754767533101e-02
-5.730317865993695553e-02
-5.728666276663726964e-02
-5.727022945280408478e-02
-5.725387830554006657e-02
-5.723760891401236811e-02
-5.722142086944230488e-02
-5.720531376509509214e-02
-5.718928719626961699e-02
-5.717334076028826595e-02
-5.715747405648682195e-02
-5.714168668620438901e-02
-5.712597825277336561e-02
-5.711034836150950117e-02
-5.709479661970195269e-02
-5.707932263660344535e-02
-5.706392602342042625e-02
-5.704860639330332217e-02
-5.703336336133680434e-02
-5.701819654453012254e-02
-5.700310556180747390e-02
-5.698809003399843420e-02
-5.697314958382844463e-02
-5.695828383590930549e-02
-5.694349241672976014e-02
-5.692877495464611359e-02
-5.691413107987288583e-02
-5.689956042447352064e-02
-5.688506262235114991e-02
-5.687063730923939270e-02
-5.685628412269319587e-02
-5.684200270207973027e-02
-5.682779268856932853e-02
-5.681365372512648532e-02
-5.679958545650085067e-02
-5.678558752921834818e-02
-5.677165959157225855e-02
-5.675780129361440024e-02
-5.674401228714633094e-02
-5.673029222571059765e-02
-5.671664076458204223e-02
-5.670305756075913473e-02
-5.668954227295534137e-02
-5.667609456159056203e-02
-5.666271408878260918e-02
-5.664940051833869394e-02
-5.663615351574700224e-02
-5.662297274816826403e-02
-5.660985788442741973e-02
-5.659680859500527961e-02
-5.658382455203025269e-02
-5.657090542927010329e-02
-5.655805090212375624e-02
-5.654526064761313670e-02
-5.653253434437507247e-02
-5.651987167265319634e-02
-5.650727231428993164e-02
-5.649473595271848475e-02
-5.648226227295489316e-02
-5.646985096159012202e-02
-5.645750170678217467e-02
-5.644521419824826552e-02
-5.643298812725702079e-02
-5.642082318662073465e-02
-5.640871907068763236e-02
-5.639667547533419589e-02
-5.638469209795752418e-02
-5.637276863746773503e-02
-5.636090479428039479e-02
-5.634910027030898966e-02
-5.633735476895744554e-02
-5.632566799511265487e-02
-5.631403965513709364e-02
-5.630246945686141063e-02
-5.629095710957710691e-02
-5.627950232402922220e-02
-5.626810481240907685e-02
-5.625676428834703452e-02
-5.624548046690529962e-02
-5.623425306457077028e-02
-5.622308179924791899e-02
-5.621196639025168029e-02
-5.620090655830042164e-02
-5.618990202550892127e-02
-5.617895251538137374e-02
-5.616805775280446500e-02
-5.615721746404044035e-02
-5.614643137672023498e-02
-5.613569921983663225e-02
-5.612502072373744960e-02
-5.611439562011875937e-02
-5.610382364201816491e-02
-5.609330452380807686e-02
-5.608283800118903789e-02
-5.607242381118309610e-02
-5.606206169212717833e-02
-5.605175138366653986e-02
-5.604149262674820720e-02
-5.603128516361446931e-02
-5.602112873779639679e-02
-5.601102309410741636e-02
-5.600096797863687859e-02
-5.599096313874369485e-02
-5.598100832304997443e-02
-5.597110328143472396e-02
-5.596124776502754694e-02
-5.595144152620241257e-02
-5.594168431857140383e-02
-5.593197589697854882e-02
-5.592231601749365899e-02
-5.591270443740618823e-02
-5.590314091521915441e-02
-5.589362521064306089e-02
-5.588415708458984582e-02
-5.587473629916689388e-02
-5.586536261767106187e-02
-5.585603580458270434e-02
-5.584675562555978939e-02
-5.583752184743199370e-02
-5.582833423819483221e-02
-5.581919256700385717e-02
-5.581009660416883650e-02
-5.580104612114799439e-02
-5.579204089054225213e-02
-5.578308068608953812e-02
-5.577416528265909113e-02
-5.576529445624579806e-02
-5.575646798396456660e-02
-5.574768564404474630e-02
-5.573894721582452194e-02
-5.573025247974539714e-02
-5.572160121734667099e-02
-5.571299321125993548e-02
-5.570442824520363545e-02
-5.569590610397761460e-02
-5.568742657345772396e-02
-5.567898944059043731e-02
-5.567059449338748744e-02
-5.566224152092055094e-02
-5.565393031331594687e-02
-5.564566066174937015e-02
-5.563743235844062496e-02
-5.562924519664842055e-02
-5.562109897066518094e-02
-5.561299347581185465e-02
-5.560492850843279378e-02
-5.559690386589063310e-02
-5.558891934656118305e-02
-5.558097474982837821e-02
-5.557306987607923965e-02
-5.556520452669884425e-02
-5.555737850406534950e-02
-5.554959161154502528e-02
-5.554184365348729946e-02
-5.553413443521986598e-02
-5.552646376304376519e-02
-5.551883144422854743e-02
-5.551123728700740195e-02
-5.550368110057236209e-02
-5.549616269506950361e-02
-5.548868188159415682e-02
-5.548123847218618815e-02
-5.547383227982525394e-02
-5.546646311842613059e-02
-5.545913080283400298e-02
-5.545183514881983633e-02
-5.544457597307573399e-02
-5.543735309321035781e-02
-5.543016632774430685e-02
-5.542301549610558625e-02
-5.541590041862505533e-02
-5.540882091653193120e-02
-5.540177681194927151e-02
-5.539476792788952664e-02
-5.538779408825007800e-02
-5.538085511780882486e-02
-5.537395084221977820e-02
-5.536708108800868222e-02
-5.536024568256863593e-02
-5.535344445415579101e-02
-5.534667723188501504e-02
-5.533994384572558933e-02
-5.533324412649696239e-02
-5.532657790586447549e-02
-5.531994501633515082e-02
-5.531334529125347260e-02
-5.530677856479720295e-02
-5.530024467197321852e-02
-5.529374344861335416e-02
-5.528727473137028808e-02
-5.528083835771343407e-02
-5.527443416592486836e-02
-5.526806199509524259e-02
-5.526172168511976623e-02
-5.525541307669416813e-02
-5.524913601131069968e-02
-5.524289033125414500e-02
-5.523667587959787267e-02
-5.523049250019988060e-02
-5.522434003769888244e-02
-5.521821833751038716e-02
-5.521212724582283404e-02
-5.520606660959372081e-02
-5.520003627654575251e-02
-5.519403609516302517e-02
-5.518806591468720935e-02
-5.518212558511377541e-02
-5.517621495718820490e-02
-5.517033388240226432e-02
-5.516448221299025123e-02
-5.515865980192530271e-02
-5.515286650291567616e-02
-5.514710217040109941e-02
-5.514136665954909311e-02
-5.513565982625134865e-02
-5.512998152712009214e-02
-5.512433161948449012e-02
-5.511870996138706902e-02
-5.511311641158013475e-02
-5.510755082952223383e-02
-5.510201307537462151e-02
-5.509650300999775069e-02
-5.509102049494776082e-02
-5.508556539247302236e-02
-5.508013756551066037e-02
-5.507473687768310588e-02
-5.506936319329468893e-02
-5.506401637732821763e-02
-5.505869629544157817e-02
-5.505340281396436941e-02
-5.504813579989454447e-02
-5.504289512089507314e-02
-5.503768064529059728e-02
-5.503249224206414186e-02
-5.502732978085381893e-02
-5.502219313194955247e-02
-5.501708216628980325e-02
-5.501199675545835610e-02
-5.500693677168106560e-02
-5.500190208782265722e-02
-5.499689257738354237e-02
-5.499190811449662653e-02
-5.498694857392414509e-02
-5.498201383105452700e-02
-5.497710376189925141e-02
-5.497221824308975296e-02
-5.496735715187430621e-02
-5.496252036611493780e-02
-5.495770776428436644e-02
-5.495291922546294283e-02
-5.494815462933563127e-02
-5.494341385618895651e-02
-5.493869678690801311e-02
-5.493400330297347478e-02
-5.492933328645861063e-02
-5.492468662002631535e-02
-5.492006318692618100e-02
-5.491546287099154794e-02
-5.491088555663659054e-02
-5.490633112885340977e-02
-5.490179947320913967e-02
-5.489729047584309546e-02
-5.489280402346388005e-02
-5.488834000334655988e-02
-5.488389830332982694e-02
-5.487947881181317461e-02
-5.487508141775410825e-02
-5.487070601066533493e-02
-5.486635248061200870e-02
-5.486202071820894810e-02
-5.485771061461790221e-02
-5.485342206154480982e-02
-5.484915495123708629e-02
-5.484490917648090352e-02
-5.484068463059849768e-02
-5.483648120744550464e-02
-5.483229880140827461e-02
-5.482813730740123542e-02
-5.482399662086422792e-02
-5.481987663775990394e-02
-5.481577725457110334e-02
-5.481169836829824504e-02
-5.480763987645675267e-02
-5.480360167707446634e-02
-5.479958366868909608e-02
-5.479558575034564755e-02
-5.479160782159391702e-02
-5.478764978248594486e-02
-5.478371153357351753e-02
-5.477979297590564872e-02
-5.477589401102612304e-02
-5.477201454097099104e-02
-5.476815446826613365e-02
-5.476431369592480586e-02
-5.476049212744518030e-02
-5.475668966680795335e-02
-5.475290621847391653e-02
-5.474914168738154868e-02
-5.474539597894464288e-02
-5.474166899904991945e-02
-5.473796065405466676e-02
-5.473427085078439586e-02
-5.473059949653047429e-02
-5.472694649904782244e-02
-5.472331176655258200e-02
-5.471969520771981926e-02
-5.471609673168122134e-02
-5.471251624802281333e-02
-5.470895366678269617e-02
-5.470540889844878463e-02
-5.470188185395653824e-02
-5.469837244468675475e-02
-5.469488058246332191e-02
-5.469140617955100397e-02
-5.468794914865324902e-02
-5.468450940290998236e-02
-5.468108685589543466e-02
-5.467768142161595624e-02
-5.467429301450787982e-02
-5.467092154943534177e-02
-5.466756694168816572e-02
-5.466422910697972537e-02
-5.466090796144482816e-02
-5.465760342163760582e-02
-5.465431540452941883e-02
-5.465104382750677475e-02
-5.464778860836923963e-02
-5.464454966532739100e-02
-5.464132691700075706e-02
-5.463812028241575580e-02
-5.463492968100367581e-02
-5.463175503259865701e-02
-5.462859625743566455e-02
-5.462545327614848345e-02
-5.462232600976774100e-02
-5.461921437971890142e-02
-5.461611830782030913e-02
-5.461303771628120418e-02
-5.460997252769980020e-02
-5.460692266506129988e-02
-5.460388805173599369e-02
-5.460086861147731702e-02
-5.459786426841992807e-02
-5.459487494707782745e-02
-5.459190057234243609e-02
-5.458894106948072172e-02
-5.458599636413331846e-02
-5.458306638231265329e-02
-5.458015105040109338e-02
-5.457725029514908649e-02
-5.457436404367334293e-02
-5.457149222345497597e-02
-5.456863476233769772e-02
-5.456579158852600808e-02
-5.456296263058337676e-02
-5.456014781743045994e-02
-5.455734707834331010e-02
-5.455456034295159268e-02
-5.455178754123683749e-02
-5.454902860353065541e-02
-5.454628346051300369e-02
-5.454355204321043732e-02
-5.454083428299438818e-02
-5.453813011157941648e-02
-5.453543946102151763e-02
-5.453276226371640834e-02
-5.453009845239782660e-02
-5.452744796013583861e-02
-5.452481072033515952e-02
-5.452218666673348119e-02
-5.451957573339981378e-02
-5.451697785473281349e-02
-5.451439296545915192e-02
-5.451182100063185765e-02
-5.450926189562869950e-02
-5.450671558615055590e-02
-5.450418200821980502e-02
-5.450166109817870808e-02
-5.449915279268781332e-02
-5.449665702872437401e-02
-5.449417374358075244e-02
-5.449170287486285180e-02
-5.448924436048854097e-02
-5.448679813868610028e-02
-5.448436414799266714e-02
-5.448194232725270258e-02
-5.447953261561643695e-02
-5.447713495253835719e-02
-5.447474927777566645e-02
-5.447237553138678523e-02
-5.447001365372985265e-02
-5.446766358546120679e-02
-5.446532526753389974e-02
-5.446299864119623357e-02
-5.446068364799025452e-02
-5.445838022975030279e-02
-5.445608832860154847e-02
-5.445380788695854124e-02
-5.445153884752374635e-02
-5.444928115328612900e-02
-5.444703474751969724e-02
-5.444479957378210028e-02
-5.444257557591319213e-02
-5.444036269803362305e-02
-5.443816088454345170e-02
-5.443597008012073662e-02
-5.443379022972013453e-02
-5.443162127857153337e-02
-5.442946317217867841e-02
-5.442731585631778446e-02
-5.442517927703619668e-02
-5.442305338065101666e-02
-5.442093811374776324e-02
-5.441883342317902633e-02
-5.441673925606313467e-02
-5.441465555978281660e-02
-5.441258228198390251e-02
-5.441051937057398563e-02
-5.440846677372111750e-02
-5.440642443985251042e-02
-5.440439231765324679e-02
-5.440237035606498156e-02
-5.440035850428465852e-02
-5.439835671176323356e-02
-5.439636492820441871e-02
-5.439438310356339845e-02
-5.439241118804558073e-02
-5.439044913210535487e-02
-5.438849688644482872e-02
-5.438655440201260738e-02
-5.438462163000254423e-02
-5.438269852185253356e-02
-5.438078502924326846e-02
-5.437888110409705433e-02
-5.437698669857656680e-02
-5.437510176508368598e-02
-5.437322625625826827e-02
-5.437136012497697374e-02
-5.436950332435208644e-02
-5.436765580773032791e-02
-5.436581752869167755e-02
-5.436398844104822076e-02
-5.436216849884297625e-02
-5.436035765634875810e-02
-5.435855586806701695e-02
-5.435676308872668117e-02
-5.435497927328304668e-02
-5.435320437691663203e-02
-5.435143835503204734e-02
-5.434968116325688409e-02
-5.434793275744059793e-02
-5.434619309365339157e-02
-5.434446212818512534e-02
-5.434273981754420002e-02
-5.434102611845648134e-02
-5.433932098786419668e-02
-5.433762438292487340e-02
-5.433593626101024948e-02
-5.433425657970519795e-02
-5.433258529680667220e-02
-5.433092237032263738e-02
-5.432926775847102263e-02
-5.432762141967866637e-02
-5.432598331258027546e-02
-5.432435339601737745e-02
-5.432273162903729358e-02
-5.432111797089210492e-02
-5.431951238103764623e-02
-5.431791481913245817e-02
-5.431632524503679504e-02
-5.431474361881161173e-02
-5.431316990071755058e-02
-5.431160405121396306e-02
-5.431004603095789668e-02
-5.430849580080310962e-02
-5.430695332179909240e-02
-5.430541855519009642e-02
-5.430389146241414861e-02
-5.430237200510208001e-02
-5.430086014507656822e-02
-5.429935584435118673e-02
-5.429785906512943350e-02
-5.429636976980378726e-02
-5.429488792095477079e-02
-5.429341348135000023e-02
-5.429194641394324838e-02
-5.429048668187352877e-02
-5.428903424846415887e-02
-5.428758907722183724e-02
-5.428615113183572760e-02
-5.428472037617654983e-02
-5.428329677429566402e-02
-5.428188029042418233e-02
-5.428047088897205996e-02
-5.427906853452720004e-02
-5.427767319185456546e-02
-5.427628482589529069e-02
-5.427490340176581440e-02
-5.427352888475698439e-02
-5.427216124033319711e-02
-5.427080043413153032e-02
-5.426944643196087575e-02
-5.426809919980107172e-02
-5.426675870380206351e-02
-5.426542491028304993e-02
-5.426409778573163672e-02
-5.426277729680297618e-02
-5.426146341031896220e-02
-5.426015609326736988e-02
-5.425885531280102980e-02
-5.425756103623702309e-02
-5.425627323105583488e-02
-5.425499186490055636e-02
-5.425371690557605209e-02
-5.425244832104816894e-02
-5.425118607944293125e-02
-5.424993014904571503e-02
-5.424868049830048472e-02
-5.424743709580898132e-02
-5.424619991032993832e-02
-5.424496891077829064e-02
-5.424374406622439748e-02
-5.424252534589327213e-02
-5.424131271916380476e-02
-5.424010615556798531e-02
-5.423890562479014715e-02
-5.423771109666619683e-02
-5.423652254118286470e-02
-5.423533992847694857e-02
-5.423416322883456431e-02
-5.423299241269038951e-02
-5.423182745062693488e-02
-5.423066831337380184e-02
-5.422951497180693303e-02
-5.422836739694789771e-02
-5.422722555996315613e-02
-5.422608943216333799e-02
-5.422495898500252071e-02
-5.422383419007750782e-02
-5.422271501912712122e-02
-5.422160144403148641e-02
-5.422049343681133171e-02
-5.421939096962727356e-02
-5.421829401477913646e-02
-5.421720254470523831e-02
-5.421611653198171038e-02
-5.421503594932180342e-02
-5.421396076957519378e-02
-5.421289096572731725e-02
-5.421182651089868215e-02
-5.421076737834418929e-02
-5.420971354145246585e-02
-5.420866497374520615e-02
-5.420762164887647783e-02
-5.420658354063209727e-02
-5.420555062292893578e-02
-5.420452286981428808e-02
-5.420350025546522010e-02
-5.420248275418789591e-02
-5.420147034041695316e-02
-5.420046298871487173e-02
-5.419946067377130056e-02
-5.419846337040244710e-02
-5.419747105355043199e-02
-5.419648369828267837e-02
-5.419550127979126664e-02
-5.419452377339230992e-02
-5.419355115452535038e-02
-5.419258339875272085e-02
-5.419162048175895502e-02
-5.419066237935016295e-02
-5.418970906745341348e-02
-5.418876052211614447e-02
-5.418781671950556600e-02
-5.418687763590803591e-02
-5.418594324772849774e-02
-5.418501353148985622e-02
-5.418408846383240829e-02
-5.418316802151324635e-02
-5.418225218140568233e-02
-5.418134092049865097e-02
-5.418043421589615466e-02
-5.417953204481667367e-02
-5.417863438459259023e-02
-5.417774121266962645e-02
-5.417685250660627533e-02
-5.417596824407324568e-02
-5.417508840285287924e-02
-5.417421296083861637e-02
-5.417334189603442013e-02
-5.417247518655424893e-02
-5.417161281062148059e-02
-5.417075474656837114e-02
-5.416990097283552741e-02
-5.416905146797135195e-02
-5.416820621063149488e-02
-5.416736517957834035e-02
-5.416652835368045149e-02
-5.416569571191204996e-02
-5.416486723335248860e-02
-5.416404289718572407e-02
-5.416322268269979645e-02
-5.416240656928629493e-02
-5.416159453643986516e-02
-5.416078656375766798e-02
-5.415998263093887988e-02
-5.415918271778418641e-02
-5.415838680419526874e-02
-5.415759487017429014e-02
-5.415680689582341722e-02
-5.415602286134429955e-02
-5.415524274703757690e-02
-5.415446653330238669e-02
-5.415369420063587819e-02
-5.415292572963269907e-02
-5.415216110098453745e-02
-5.415140029547961531e-02
-5.415064329400221671e-02
-5.414989007753220895e-02
-5.414914062714454995e-02
-5.414839492400883025e-02
-5.414765294938878731e-02
-5.414691468464184060e-02
-5.414618011121863361e-02
-5.414544921066254124e-02
-5.414472196460922565e-02
-5.414399835478617834e-02
-5.414327836301224828e-02
-5.414256197119718395e-02
-5.414184916134119618e-02
-5.414113991553449329e-02
-5.414043421595682304e-02
-5.413973204487703555e-02
-5.413903338465265308e-02
-5.413833821772939120e-02
-5.413764652664074251e-02
-5.413695829400753945e-02
-5.413627350253750331e-02
-5.413559213502481399e-02
-5.413491417434968672e-02
-5.413423960347793495e-02
-5.413356840546054705e-02
-5.413290056343324219e-02
-5.413223606061607490e-02
-5.413157488031299786e-02
-5.413091700591143168e-02
-5.413026242088187640e-02
-5.412961110877746729e-02
-5.412896305323357943e-02
-5.412831823796741132e-02
-5.412767664677757551e-02
-5.412703826354368919e-02
-5.412640307222597175e-02
-5.412577105686484230e-02
-5.412514220158051725e-02
-5.412451649057261477e-02
-5.412389390811975232e-02
-5.412327443857915116e-02
-5.412265806638625470e-02
-5.412204477605432607e-02
-5.412143455217405252e-02
-5.412082737941318472e-02
-5.412022324251612032e-02
-5.411962212630354319e-02
-5.411902401567202786e-02
-5.411842889559366487e-02
-5.411783675111569991e-02
-5.411724756736012443e-02
-5.411666132952332176e-02
-5.411607802287570629e-02
-5.411549763276132796e-02
-5.411492014459751837e-02
-5.411434554387452994e-02
-5.411377381615515431e-02
-5.411320494707437534e-02
-5.411263892233900141e-02
-5.411207572772730456e-02
-5.411151534908866662e-02
-5.411095777234322529e-02
-5.411040298348150646e-02
-5.410985096856409798e-02
-5.410930171372127506e-02
-5.410875520515266712e-02
-5.410821142912690396e-02
-5.410767037198126878e-02
-5.410713202012136513e-02
-5.410659636002075612e-02
-5.410606337822065209e-02
-5.410553306132954987e-02
-5.410500539602289966e-02
-5.410448036904278585e-02
-5.410395796719757316e-02
-5.410343817736158745e-02
-5.410292098647478259e-02
-5.410240638154240750e-02
-5.410189434963469379e-02
-5.410138487788652278e-02
-5.410087795349709239e-02
-5.410037356372960488e-02
-5.409987169591095463e-02
-5.409937233743140200e-02
-5.409887547574424721e-02
-5.409838109836552500e-02
-5.409788919287369935e-02
-5.409739974690933040e-02
-5.409691274817478301e-02
-5.409642818443390760e-02
-5.409594604351173480e-02
-5.409546631329417710e-02
-5.409498898172770964e-02
-5.409451403681907189e-02
-5.409404146663497615e-02
-5.409357125930180227e-02
-5.409310340300529235e-02
-5.409263788599026623e-02
-5.409217469656031618e-02
-5.409171382307751547e-02
-5.409125525396212691e-02
-5.409079897769231843e-02
-5.409034498280385767e-02
-5.408989325788984143e-02
-5.408944379160039034e-02
-5.408899657264238520e-02
-5.408855158977917549e-02
-5.408810883183028106e-02
-5.408766828767112844e-02
-5.408722994623277325e-02
-5.408679379650160879e-02
-5.408635982751910237e-02
-5.408592802838150387e-02
-5.408549838823959593e-02
-5.408507089629839559e-02
-5.408464554181690448e-02
-5.408422231410781739e-02
-5.408380120253727941e-02
-5.408338219652459450e-02
-5.408296528554196875e-02
-5.408255045911426057e-02
-5.408213770681868926e-02
-5.408172701828459911e-02
-5.408131838319317486e-02
-5.408091179127720582e-02
-5.408050723232082219e-02
-5.408010469615921745e-02
-5.407970417267841945e-02
-5.407930565181502669e-02
-5.407890912355595159e-02
-5.407851457793817068e-02
-5.407812200504848177e-02
-5.407773139502324022e-02
-5.407734273804812308e-02
-5.407695602435787924e-02
-5.407657124423608658e-02
-5.407618838801490913e-02
-5.407580744607483336e-02
-5.407542840884446006e-02
-5.407505126680024060e-02
-5.407467601046624106e-02
-5.407430263041391322e-02
-5.407393111726184476e-02
-5.407356146167553723e-02
-5.407319365436715625e-02
-5.407282768609532331e-02
-5.407246354766484520e-02
-5.407210122992651968e-02
-5.407174072377688573e-02
-5.407138202015800144e-02
-5.407102511005720813e-02
-5.407066998450692219e-02
-5.407031663458438525e-02
-5.406996505141146298e-02
-5.406961522615440913e-02
-5.406926715002363659e-02
-5.406892081427351615e-02
-5.406857621020214749e-02
-5.406823332915113717e-02
-5.406789216250538349e-02
-5.406755270169285449e-02
-5.406721493818439361e-02
-5.406687886349346994e-02
-5.406654446917600471e-02
-5.406621174683012149e-02
-5.406588068809597275e-02
-5.406555128465549004e-02
-5.406522352823221050e-02
-5.406489741059104792e-02
-5.406457292353809146e-02
-5.406425005892040447e-02
-5.406392880862580241e-02
-5.406360916458267246e-02
-5.406329111875975840e-02
-5.406297466316595940e-02
-5.406265978985012877e-02
-5.406234649090087968e-02
-5.406203475844637701e-02
-5.406172458465414304e-02
-5.406141596173087011e-02
-5.406110888192221242e-02
-5.406080333751259875e-02
-5.406049932082503812e-02
-5.406019682422091160e-02
-5.405989584009980586e-02
-5.405959636089930492e-02
-5.405929837909480978e-02
-5.405900188719933719e-02
-5.405870687776333922e-02
-5.405841334337452286e-02
-5.405812127665764882e-02
-5.405783067027435801e-02
-5.405754151692298420e-02
-5.405725380933836671e-02
-5.405696754029167689e-02
-5.405668270259021690e-02
-5.405639928907726710e-02
-5.405611729263187781e-02
-5.405583670616871672e-02
-5.405555752263787456e-02
-5.405527973502468470e-02
-5.405500333634956356e-02
-5.405472831966781633e-02
-5.405445467806947735e-02
-5.405418240467912971e-02
-5.405391149265573181e-02
-5.405364193519245075e-02
-5.405337372551648895e-02
-5.405310685688890365e-02
-5.405284132260446128e-02
-5.405257711599143616e-02
-5.405231423041147870e-02
-5.405205265925942110e-02
-5.405179239596312468e-02
-5.405153343398330645e-02
-5.405127576681339335e-02
-5.405101938797932798e-02
-5.405076429103942981e-02
-5.405051046958423561e-02
-5.405025791723631207e-02
-5.405000662765013092e-02
-5.404975659451188158e-02
-5.404950781153932543e-02
-5.404926027248162929e-02
-5.404901397111921968e-02
-5.404876890126362327e-02
-5.404852505675730723e-02
-5.404828243147351968e-02
-5.404804101931615090e-02
-5.404780081421956678e-02
-5.404756181014847005e-02
-5.404732400109772683e-02
-5.404708738109223476e-02
-5.404685194418677036e-02
-5.404661768446583636e-02
-5.404638459604350909e-02
-5.404615267306329268e-02
-5.404592190969797344e-02
-5.404569230014948100e-02
-5.404546383864873571e-02
-5.404523651945548901e-02
-5.404501033685821243e-02
-5.404478528517392411e-02
-5.404456135874805695e-02
-5.404433855195431985e-02
-5.404411685919454506e-02
-5.404389627489857018e-02
-5.404367679352407861e-02
-5.404345840955646074e-02
-5.404324111750867521e-02
-5.404302491192113089e-02
-5.404280978736152735e-02
-5.404259573842472297e-02
-5.404238275973259620e-02
-5.404217084593393450e-02
-5.404195999170426784e-02
-5.404175019174574379e-02
-5.404154144078701649e-02
-5.404133373358308012e-02
-5.404112706491516482e-02
-5.404092142959059097e-02
-5.404071682244263736e-02
-5.404051323833042320e-02
-5.404031067213876938e-02
-5.404010911877807355e-02
-5.403990857318418523e-02
-5.403970903031826700e-02
-5.403951048516667660e-02
-5.403931293274084197e-02
-5.403911636807713637e-02
-5.403892078623675349e-02
-5.403872618230556868e-02
-5.403853255139404177e-02
-5.403833988863707138e-02
-5.403814818919388391e-02
-5.403795744824791553e-02
-5.403776766100667345e-02
-5.403757882270163876e-02
-5.403739092858812765e-02
-5.403720397394518732e-02
-5.403701795407546415e-02
-5.403683286430508576e-02
-5.403664869998356379e-02
-5.403646545648364830e-02
-5.403628312920123050e-02
-5.403610171355522490e-02
-5.403592120498745127e-02
-5.403574159896251672e-02
-5.403556289096770465e-02
-5.403538507651286377e-02
-5.403520815113029702e-02
-5.403503211037464365e-02
-5.403485694982276821e-02
-5.403468266507365642e-02
-5.403450925174829028e-02
-5.403433670548955098e-02
-5.403416502196210086e-02
-5.403399419685229327e-02
-5.403382422586803374e-02
-5.403365510473869676e-02
-5.403348682921500085e-02
-5.403331939506892528e-02
-5.403315279809357830e-02
-5.403298703410311377e-02
-5.403282209893259941e-02
-5.403265798843793349e-02
-5.403249469849574077e-02
-5.403233222500326144e-02
-5.403217056387824707e-02
-5.403200971105885653e-02
-5.403184966250355881e-02
-5.403169041419104285e-02
-5.403153196212008569e-02
-5.403137430230948307e-02
-5.403121743079793843e-02
-5.403106134364395186e-02
-5.403090603692572991e-02
-5.403075150674110233e-02
-5.403059774920739716e-02
-5.403044476046135747e-02
-5.403029253665905113e-02
-5.403014107397575289e-02
-5.402999036860587495e-02
-5.402984041676284904e-02
-5.402969121467903618e-02
-5.402954275860564343e-02
-5.402939504481261285e-02
-5.402924806958855214e-02
-5.402910182924060972e-02
-5.402895632009440535e-02
-5.402881153849393298e-02
-5.402866748080146359e-02
-5.402852414339745502e-02
-5.402838152268046867e-02
-5.402823961506706546e-02
-5.402809841699172944e-02
-5.402795792490677068e-02
-5.402781813528223509e-02
-5.402767904460582110e-02
-5.402754064938278949e-02
-5.402740294613587319e-02
-5.402726593140519395e-02
-5.402712960174816531e-02
-5.402699395373942309e-02
-5.402685898397072833e-02
-5.402672468905087705e-02
-5.402659106560562391e-02
-5.402645811027759898e-02
-5.402632581972621056e-02
-5.402619419062758277e-02
-5.402606321967444447e-02
-5.402593290357607381e-02
-5.402580323905819409e-02
-5.402567422286290444e-02
-5.402554585174858953e-02
-5.402541812248984332e-02
-5.402529103187739268e-02
-5.402516457671800720e-02
-5.402503875383441595e-02
-5.402491356006524498e-02
-5.402478899226492021e-02
-5.402466504730359803e-02
-5.402454172206708205e-02
-5.402441901345674674e-02
-5.402429691838946113e-02
-5.402417543379751247e-02
-5.402405455662852296e-02
-5.402393428384538038e-02
-5.402381461242615479e-02
-5.402369553936402224e-02
-5.402357706166720230e-02
-5.402345917635886785e-02
-5.402334188047707569e-02
-5.402322517107469024e-02
-5.402310904521931412e-02
-5.402299349999321876e-02
-5.402287853249325422e-02
-5.402276413983078673e-02
-5.402265031913163623e-02
-5.402253706753597923e-02
-5.402242438219830023e-02
-5.402231226028730848e-02
-5.402220069898586857e-02
-5.402208969549093798e-02
-5.402197924701348380e-02
-5.402186935077841340e-02
-5.402176000402451883e-02
-5.402165120400439363e-02
-5.402154294798437034e-02
-5.402143523324445112e-02
-5.402132805707823143e-02
-5.402122141679283757e-02
-5.402111530970887115e-02
-5.402100973316032589e-02
-5.402090468449452509e-02
-5.402080016107205229e-02
-5.402069616026668880e-02
-5.402059267946535820e-02
-5.402048971606802918e-02
-5.402038726748768782e-02
-5.402028533115024733e-02
-5.402018390449449953e-02
-5.402008298497202460e-02
-5.401998257004716336e-02
-5.401988265719692706e-02
-5.401978324391094183e-02
-5.401968432769138628e-02
-5.401958590605292904e-02
-5.401948797652266626e-02
-5.401939053664005230e-02
-5.401929358395685110e-02
-5.401919711603706681e-02
-5.401910113045688133e-02
-5.401900562480459883e-02
-5.401891059668057632e-02
-5.401881604369717510e-02
-5.401872196347869137e-02
-5.401862835366130072e-02
-5.401853521189299567e-02
-5.401844253583353017e-02
-5.401835032315436408e-02
-5.401825857153859378e-02
-5.401816727868090362e-02
-5.401807644228749650e-02
-5.401798606007605918e-02
-5.401789612977567906e-02
-5.401780664912680247e-02
-5.401771761588116533e-02
-5.401762902780175846e-02
-5.401754088266275122e-02
-5.401745317824943604e-02
-5.401736591235818674e-02
-5.401727908279639612e-02
-5.401719268738241347e-02
-5.401710672394550300e-02
-5.401702119032577437e-02
-5.401693608437414806e-02
-5.401685140395227902e-02
-5.401676714693251502e-02
-5.401668331119785504e-02
-5.401659989464186601e-02
-5.401651689516865501e-02
-5.401643431069281381e-02
-5.401635213913934946e-02
-5.401627037844364959e-02
-5.401618902655143384e-02
-5.401610808141867753e-02
-5.401602754101158393e-02
-5.401594740330652872e-02
-5.401586766628999753e-02
-5.401578832795854435e-02
-5.401570938631874985e-02
-5.401563083938715898e-02
-5.401555268519022540e-02
-5.401547492176427684e-02
-5.401539754715545261e-02
-5.401532055941967586e-02
-5.401524395662257727e-02
-5.401516773683946726e-02
-5.401509189815526663e-02
-5.401501643866449265e-02
-5.401494135647116890e-02
-5.401486664968881135e-02
-5.401479231644036594e-02
-5.401471835485816692e-02
-5.401464476308387441e-02
-5.401457153926845361e-02
-5.401449868157211232e-02
-5.401442618816425234e-02
-5.401435405722342792e-02
-5.401428228693731098e-02
-5.401421087550262179e-02
-5.401413982112510809e-02
-5.401406912201948268e-02
-5.401399877640938874e-02
-5.401392878252734425e-02
-5.401385913861470739e-02
-5.401378984292163482e-02
-5.401372089370702623e-02
-5.401365228923848960e-02
-5.401358402779229961e-02
-5.401351610765333516e-02
-5.401344852711506550e-02
-5.401338128447948778e-02
-5.401331437805709235e-02
-5.401324780616680726e-02
-5.401318156713597052e-02
-5.401311565930028841e-02
-5.401305008100378696e-02
-5.401298483059877031e-02
-5.401291990644577906e-02
-5.401285530691354864e-02
-5.401279103037898155e-02
-5.401272707522708494e-02
-5.401266343985094975e-02
-5.401260012265169524e-02
-5.401253712203843427e-02
-5.401247443642824553e-02
-5.401241206424610419e-02
-5.401235000392487495e-02
-5.401228825390524957e-02
-5.401222681263572606e-02
-5.401216567857254625e-02
-5.401210485017968188e-02
-5.401204432592878607e-02
-5.401198410429914470e-02
-5.401192418377764870e-02
-5.401186456285875931e-02
-5.401180524004446648e-02
-5.401174621384424723e-02
-5.401168748277502402e-02
-5.401162904536115084e-02
-5.401157090013434386e-02
-5.401151304563367450e-02
-5.401145548040550692e-02
-5.401139820300347727e-02
-5.401134121198845894e-02
-5.401128450592851404e-02
-5.401122808339887255e-02
-5.401117194298187679e-02
-5.401111608326696761e-02
-5.401106050285063576e-02
-5.401100520033638025e-02
-5.401095017433470147e-02
-5.401089542346302480e-02
-5.401084094634570759e-02
-5.401078674161397669e-02
-5.401073280790590764e-02
-5.401067914386637608e-02
-5.401062574814704392e-02
-5.401057261940631071e-02
-5.401051975630927898e-02
-5.401046715752773342e-02
-5.401041482174009228e-02
-5.401036274763139355e-02
-5.401031093389323939e-02
-5.401025937922377534e-02
-5.401020808232765563e-02
-5.401015704191601541e-02
-5.401010625670643606e-02
-5.401005572542290356e-02
-5.401000544679578769e-02
-5.400995541956180729e-02
-5.400990564246399561e-02
-5.400985611425167254e-02
-5.400980683368041685e-02
-5.400975779951201761e-02
-5.400970901051446033e-02
-5.400966046546188531e-02
-5.400961216313457380e-02
-5.400956410231889937e-02
-5.400951628180730713e-02
-5.400946870039827208e-02
-5.400942135689627832e-02
-5.400937425011179821e-02
-5.400932737886123686e-02
-5.400928074196693213e-02
-5.400923433825709913e-02
-5.400918816656581634e-02
-5.400914222573298396e-02
-5.400909651460431699e-02
-5.400905103203129665e-02
-5.400900577687114262e-02
-5.400896074798678531e-02
-5.400891594424685194e-02
-5.400887136452561799e-02
-5.400882700770299333e-02
-5.400878287266448058e-02
-5.400873895830116123e-02
-5.400869526350965399e-02
-5.400865178719210791e-02
-5.400860852825614677e-02
-5.400856548561486919e-02
-5.400852265818679304e-02
-5.400848004489586240e-02
-5.400843764467138514e-02
-5.400839545644802592e-02
-5.400835347916578544e-02
-5.400831171176995876e-02
-5.400827015321110758e-02
-5.400822880244505325e-02
-5.400818765843282826e-02
-5.400814672014066231e-02
-5.400810598653996153e-02
-5.400806545660725988e-02
-5.400802512932422611e-02
-5.400798500367760824e-02
-5.400794507865921967e-02
-5.400790535326592534e-02
-5.400786582649959311e-02
-5.400782649736709379e-02
-5.400778736488025950e-02
-5.400774842805585590e-02
-5.400770968591557530e-02
-5.400767113748599496e-02
-5.400763278179856325e-02
-5.400759461788957189e-02
-5.400755664480012125e-02
-5.400751886157612036e-02
-5.400748126726823833e-02
-5.400744386093189742e-02
-5.400740664162723831e-02
-5.400736960841909934e-02
-5.400733276037700259e-02
-5.400729609657511920e-02
-5.400725961609224163e-02
-5.400722331801178361e-02
-5.400718720142172469e-02
-5.400715126541461714e-02
-5.400711550908754432e-02
-5.400707993154210684e-02
-5.400704453188439474e-02
-5.400700930922497367e-02
-5.400697426267885015e-02
-5.400693939136545774e-02
-5.400690469440862923e-02
-5.400687017093658282e-02
-5.400683582008190126e-02
-5.400680164098149022e-02
-5.400676763277658526e-02
-5.400673379461270324e-02
-5.400670012563964228e-02
-5.400666662501144716e-02
-5.400663329188638839e-02
-5.400660012542695537e-02
-5.400656712479982163e-02
-5.400653428917582405e-02
-5.400650161772994201e-02
-5.400646910964129049e-02
-5.400643676409308536e-02
-5.400640458027262253e-02
-5.400637255737125719e-02
-5.400634069458440378e-02
-5.400630899111148048e-02
-5.400627744615592307e-02
-5.400624605892514335e-02
-5.400621482863051520e-02
-5.400618375448736075e-02
-5.400615283571492259e-02
-5.400612207153634992e-02
-5.400609146117867077e-02
-5.400606100387277814e-02
-5.400603069885341612e-02
-5.400600054535915212e-02
-5.400597054263235608e-02
-5.400594068991919350e-02
