-6.493750000000000910e-02
-6.487531250000000416e-02
-6.481343593750001075e-02
-6.475186875781251128e-02
-6.469060941402345055e-02
-6.462965636695333638e-02
-6.456900808511857603e-02
-6.450866304469297929e-02
-6.444861972946951123e-02
-6.438887663082216994e-02
-6.432943224766805856e-02
-6.427028508642972093e-02
-6.421143366099757444e-02
-6.415287649269259262e-02
-6.409461211022912663e-02
-6.403663904967797638e-02
-6.397895585442958666e-02
-6.392156107515743757e-02
-6.386445326978165693e-02
-6.380763100343274374e-02
-6.375109284841558310e-02
-6.369483738417350271e-02
-6.363886319725263474e-02
-6.358316888126637478e-02
-6.352775303686004904e-02
-6.347261427167574799e-02
-6.341775120031736823e-02
-6.336316244431577926e-02
-6.330884663209419838e-02
-6.325480239893373213e-02
-6.320102838693905656e-02
-6.314752324500436109e-02
-6.309428562877933411e-02
-6.304131420063543989e-02
-6.298860762963226501e-02
-6.293616459148410058e-02
-6.288398376852667726e-02
-6.283206384968403890e-02
-6.278040353043562449e-02
-6.272900151278344716e-02
-6.267785650521952301e-02
-6.262696722269342486e-02
-6.257633238657996089e-02
-6.252595072464706139e-02
-6.247582097102382520e-02
-6.242594186616870489e-02
-6.237631215683785840e-02
-6.232693059605366737e-02
-6.227779594307340100e-02
-6.222890696335803273e-02
-6.218026242854124419e-02
-6.213186111639854015e-02
-6.208370181081655087e-02
-6.203578330176246630e-02
-6.198810438525365063e-02
-6.194066386332738178e-02
-6.189346054401074354e-02
-6.184649324129069120e-02
-6.179976077508423510e-02
-6.175326197120881155e-02
-6.170699566135276481e-02
-6.166096068304600247e-02
-6.161515587963077578e-02
-6.156958010023261957e-02
-6.152423219973145868e-02
-6.147911103873280464e-02
-6.143421548353913964e-02
-6.138954440612144625e-02
-6.134509668409084127e-02
-6.130087120067038986e-02
-6.125686684466703780e-02
-6.121308251044370319e-02
-6.116951709789148622e-02
-6.112616951240203156e-02
-6.108303866484002254e-02
-6.104012347151582113e-02
-6.099742285415823972e-02
-6.095493573988745167e-02
-6.091266106118801288e-02
-6.087059775588207072e-02
-6.082874476710266320e-02
-6.078710104326714991e-02
-6.074566553805081648e-02
-6.070443721036056228e-02
-6.066341502430876165e-02
-6.062259794918721523e-02
-6.058198495944128181e-02
-6.054157503464407258e-02
-6.050136715947085353e-02
-6.046136032367349644e-02
-6.042155352205513114e-02
-6.038194575444485318e-02
-6.034253602567262592e-02
-6.030332334554426577e-02
-6.026430672881654543e-02
-6.022548519517246374e-02
-6.018685776919659863e-02
-6.014842348035061292e-02
-6.011018136294885711e-02
-6.007213045613411101e-02
-6.003426980385344336e-02
-5.999659845483417547e-02
-5.995911546256000452e-02
-5.992181988524720310e-02
-5.988471078582096457e-02
-5.984778723189185939e-02
-5.981104829573240245e-02
-5.977449305425373838e-02
-5.973812058898247263e-02
-5.970192998603755796e-02
-5.966592033610736839e-02
-5.963009073442682856e-02
-5.959444028075469579e-02
-5.955896807935092546e-02
-5.952367323895416812e-02
-5.948855487275939852e-02
-5.945361209839560013e-02
-5.941884403790362312e-02
-5.938424981771410482e-02
-5.934982856862553585e-02
-5.931557942578240955e-02
-5.928150152865349631e-02
-5.924759402101022893e-02
-5.921385605090517812e-02
-5.918028677065065302e-02
-5.914688533679739874e-02
-5.911365091011341194e-02
-5.908058265556284661e-02
-5.904767974228503080e-02
-5.901494134357360838e-02
-5.898236663685574310e-02
-5.894995480367146157e-02
-5.891770502965310713e-02
-5.888561650450484242e-02
-5.885368842198231837e-02
-5.882191997987240573e-02
-5.879031037997304449e-02
-5.875885882807317662e-02
-5.872756453393281062e-02
-5.869642671126314853e-02
-5.866544457770683091e-02
-5.863461735481829973e-02
-5.860394426804420992e-02
-5.857342454670398657e-02
-5.854305742397046541e-02
-5.851284213685060964e-02
-5.848277792616635856e-02
-5.845286403653552482e-02
-5.842309971635284427e-02
-5.839348421777108139e-02
-5.836401679668222486e-02
-5.833469671269881501e-02
-5.830552322913531982e-02
-5.827649561298964276e-02
-5.824761313492469311e-02
-5.821887506925006728e-02
-5.819028069390382030e-02
-5.816182929043429983e-02
-5.813352014398212586e-02
-5.810535254326221200e-02
-5.807732578054589784e-02
-5.804943915164317153e-02
-5.802169195588495476e-02
-5.799408349610552654e-02
-5.796661307862499557e-02
-5.793928001323186971e-02
-5.791208361316570880e-02
-5.788502319509988142e-02
-5.785809807912438429e-02
-5.783130758872876559e-02
-5.780465105078512467e-02
-5.777812779553120198e-02
-5.775173715655354534e-02
-5.772547847077078020e-02
-5.769935107841692862e-02
-5.767335432302484605e-02
-5.764748755140972070e-02
-5.762175011365266997e-02
-5.759614136308440629e-02
-5.757066065626898627e-02
-5.754530735298764299e-02
-5.752008081622270175e-02
-5.749498041214158583e-02
-5.747000551008087793e-02
-5.744515548253047166e-02
-5.742042970511782030e-02
-5.739582755659223406e-02
-5.737134841880927455e-02
-5.734699167671522546e-02
-5.732275671833164665e-02
-5.729864293473999060e-02
-5.727464972006628824e-02
-5.725077647146595977e-02
-5.722702258910863232e-02
-5.720338747616308950e-02
-5.717987053878227643e-02
-5.715647118608836730e-02
-5.713318883015792299e-02
-5.711002288600713211e-02
-5.708697277157709360e-02
-5.706403790771921031e-02
-5.704121771818061737e-02
-5.701851162958971458e-02
-5.699591907144176822e-02
-5.697343947608456138e-02
-5.695107227870414152e-02
-5.692881691731062344e-02
-5.690667283272406868e-02
-5.688463946856044812e-02
-5.686271627121764621e-02
-5.684090268986155547e-02
-5.681919817641224724e-02
-5.679760218553018408e-02
-5.677611417460253634e-02
-5.675473360372952636e-02
-5.673345993571087681e-02
-5.671229263603232151e-02
-5.669123117285215785e-02
-5.667027501698789632e-02
-5.664942364190295870e-02
-5.662867652369344557e-02
-5.660803314107498013e-02
-5.658749297536960765e-02
-5.656705551049275721e-02
-5.654672023294029376e-02
-5.652648663177559096e-02
-5.650635419861671505e-02
-5.648632242762362948e-02
-5.646639081548551070e-02
-5.644655886140808460e-02
-5.642682606710104631e-02
-5.640719193676554249e-02
-5.638765597708171595e-02
-5.636821769719630587e-02
-5.634887660871032433e-02
-5.632963222566677447e-02
-5.631048406453843802e-02
-5.629143164421574613e-02
-5.627247448599466406e-02
-5.625361211356469382e-02
-5.623484405299686989e-02
-5.621616983273188678e-02
-5.619758898356822657e-02
-5.617910103865038363e-02
-5.616070553345713090e-02
-5.614240200578984180e-02
-5.612418999576089529e-02
-5.610606904578208792e-02
-5.608803870055317775e-02
-5.607009850705041432e-02
-5.605224801451515887e-02
-5.603448677444258091e-02
-5.601681434057036862e-02
-5.599923026886751559e-02
-5.598173411752317696e-02
-5.596432544693556027e-02
-5.594700381970088565e-02
-5.592976880060238076e-02
-5.591261995659936590e-02
-5.589555685681636688e-02
-5.587857907253228340e-02
-5.586168617716961993e-02
-5.584487774628377199e-02
-5.582815335755235420e-02
-5.581151259076459065e-02
-5.579495502781076782e-02
-5.577848025267171522e-02
-5.576208785140835539e-02
-5.574577741215131638e-02
-5.572954852509055812e-02
-5.571340078246510286e-02
-5.569733377855277945e-02
-5.568134710966001627e-02
-5.566544037411171736e-02
-5.564961317224115939e-02
-5.563386510637995108e-02
-5.561819578084804816e-02
-5.560260480194380989e-02
-5.558709177793409034e-02
-5.557165631904441988e-02
-5.555629803744920048e-02
-5.554101654726195658e-02
-5.552581146452564842e-02
-5.551068240720301999e-02
-5.549562899516700260e-02
-5.548065085019116688e-02
-5.546574759594020965e-02
-5.545091885796051001e-02
-5.543616426367070638e-02
-5.542148344235234975e-02
-5.540687602514058480e-02
-5.539234164501487950e-02
-5.537787993678980336e-02
-5.536349053710585416e-02
-5.534917308442032641e-02
-5.533492721899822137e-02
-5.532075258290323344e-02
-5.530664881998871574e-02
-5.529261557588877052e-02
-5.527865249800932579e-02
-5.526475923551928127e-02
-5.525093543934168211e-02
-5.523718076214497591e-02
-5.522349485833424887e-02
-5.520987738404257994e-02
-5.519632799712236720e-02
-5.518284635713675834e-02
-5.516943212535107416e-02
-5.515608496472431538e-02
-5.514280453990069719e-02
-5.512959051720119075e-02
-5.511644256461518260e-02
-5.510336035179210640e-02
-5.509034355003314398e-02
-5.507739183228297503e-02
-5.506450487312156139e-02
-5.505168234875595229e-02
-5.503892393701217273e-02
-5.502622931732711192e-02
-5.501359817074047420e-02
-5.500103017988677151e-02
-5.498852502898733674e-02
-5.497608240384239953e-02
-5.496370199182318977e-02
-5.495138348186407590e-02
-5.493912656445475856e-02
-5.492693093163248524e-02
-5.491479627697432031e-02
-5.490272229558944977e-02
-5.489070868411149995e-02
-5.487875514069093935e-02
-5.486686136498748756e-02
-5.485502705816255181e-02
-5.484325192287173995e-02
-5.483153566325738026e-02
-5.481987798494108999e-02
-5.480827859501638533e-02
-5.479673720204130544e-02
-5.478525351603109883e-02
-5.477382724845094447e-02
-5.476245811220868676e-02
-5.475114582164763988e-02
-5.473989009253939914e-02
-5.472869064207670081e-02
-5.471754718886631674e-02
-5.470645945292198359e-02
-5.469542715565737373e-02
-5.468445001987908699e-02
-5.467352776977969092e-02
-5.466266013093079579e-02
-5.465184683027614343e-02
-5.464108759612476551e-02
-5.463038215814414178e-02
-5.461973024735342075e-02
-5.460913159611665429e-02
-5.459858593813607386e-02
-5.458809300844539442e-02
-5.457765254340316702e-02
-5.456726428068615214e-02
-5.455692795928272082e-02
-5.454664331948630429e-02
-5.453641010288887148e-02
-5.452622805237442721e-02
-5.451609691211255215e-02
-5.450601642755199122e-02
-5.449598634541422820e-02
-5.448600641368715747e-02
-5.447607638161872101e-02
-5.446619599971062875e-02
-5.445636501971207882e-02
-5.444658319461351953e-02
-5.443685027864045289e-02
-5.442716602724725211e-02
-5.441753019711101369e-02
-5.440794254612545816e-02
-5.439840283339483079e-02
-5.438891081922785781e-02
-5.437946626513171650e-02
-5.437006893380606082e-02
-5.436071858913703314e-02
-5.435141499619134536e-02
-5.434215792121038779e-02
-5.433294713160433803e-02
-5.432378239594631841e-02
-5.431466348396658816e-02
-5.430559016654675636e-02
-5.429656221571402264e-02
-5.428757940463545262e-02
-5.427864150761227413e-02
-5.426974830007421507e-02
-5.426089955857384128e-02
-5.425209506078097071e-02
-5.424333458547706682e-02
-5.423461791254968051e-02
-5.422594482298693369e-02
-5.421731509887199596e-02
-5.420872852337763753e-02
-5.420018488076074753e-02
-5.419168395635694246e-02
-5.418322553657516083e-02
-5.417480940889228547e-02
-5.416643536184782143e-02
-5.415810318503858078e-02
-5.414981266911338825e-02
-5.414156360576782151e-02
-5.413335578773897927e-02
-5.412518900880028405e-02
-5.411706306375628495e-02
-5.410897774843750202e-02
-5.410093285969531235e-02
-5.409292819539683606e-02
-5.408496355441985010e-02
-5.407703873664775063e-02
-5.406915354296450843e-02
-5.406130777524968678e-02
-5.405350123637343851e-02
-5.404573373019157245e-02
-5.403800506154061295e-02
-5.403031503623290793e-02
-5.402266346105174394e-02
-5.401505014374648195e-02
-5.400747489302774873e-02
-5.399993751856260737e-02
-5.399243783096979721e-02
-5.398497564181494596e-02
-5.397755076360587212e-02
-5.397016300978784570e-02
-5.396281219473890445e-02
-5.395549813376521175e-02
-5.394822064309638676e-02
-5.394097953988090388e-02
-5.393377464218149925e-02
-5.392660576897059105e-02
-5.391947274012574148e-02
-5.391237537642511179e-02
-5.390531349954298668e-02
-5.389828693204527094e-02
-5.389129549738504166e-02
-5.388433901989811425e-02
-5.387741732479862239e-02
-5.387053023817463260e-02
-5.386367758698375890e-02
-5.385685919904883989e-02
-5.385007490305359495e-02
-5.384332452853832912e-02
-5.383660790589563788e-02
-5.382992486636616059e-02
-5.382327524203432689e-02
-5.381665886582415181e-02
-5.381007557149503073e-02
-5.380352519363755526e-02
-5.379700756766937070e-02
-5.379052252983102661e-02
-5.378406991718186897e-02
-5.377764956759596010e-02
-5.377126131975797779e-02
-5.376490501315919074e-02
-5.375858048809339235e-02
-5.375228758565292475e-02
-5.374602614772466119e-02
-5.373979601698603698e-02
-5.373359703690110817e-02
-5.372742905171660338e-02
-5.372129190645801716e-02
-5.371518544692572422e-02
-5.370910951969109365e-02
-5.370306397209263782e-02
-5.369704865223217521e-02
-5.369106340897101398e-02
-5.368510809192615640e-02
-5.367918255146652412e-02
-5.367328663870919031e-02
-5.366742020551564657e-02
-5.366158310448806978e-02
-5.365577518896563064e-02
-5.364999631302080213e-02
-5.364424633145569582e-02
-5.363852509979841893e-02
-5.363283247429942446e-02
-5.362716831192793077e-02
-5.362153247036829246e-02
-5.361592480801644772e-02
-5.361034518397636561e-02
-5.360479345805648638e-02
-5.359926949076620345e-02
-5.359377314331237319e-02
-5.358830427759581072e-02
-5.358286275620783440e-02
-5.357744844242679633e-02
-5.357206120021466150e-02
-5.356670089421358694e-02
-5.356136738974252159e-02
-5.355606055279380634e-02
-5.355078025002983633e-02
-5.354552634877968870e-02
-5.354029871703579191e-02
-5.353509722345061589e-02
-5.352992173733336218e-02
-5.352477212864669570e-02
-5.351964826800346270e-02
-5.351455002666344329e-02
-5.350947727653012492e-02
-5.350442989014747575e-02
-5.349940774069673888e-02
-5.349441070199325438e-02
-5.348943864848328816e-02
-5.348449145524087484e-02
-5.347956899796466740e-02
-5.347467115297484253e-02
-5.346979779720997111e-02
-5.346494880822392354e-02
-5.346012406418280266e-02
-5.345532344386189072e-02
-5.345054682664258233e-02
-5.344579409250936608e-02
-5.344106512204681997e-02
-5.343635979643658607e-02
-5.343167799745440066e-02
-5.342701960746713136e-02
-5.342238450942979333e-02
-5.341777258688264196e-02
-5.341318372394823072e-02
-5.340861780532848990e-02
-5.340407471630184699e-02
-5.339955434272034007e-02
-5.339505657100673819e-02
-5.339058128815170334e-02
-5.338612838171094555e-02
-5.338169773980239174e-02
-5.337728925110338252e-02
-5.337290280484786875e-02
-5.336853829082362916e-02
-5.336419559936950857e-02
-5.335987462137266324e-02
-5.335557524826579912e-02
-5.335129737202447264e-02
-5.334704088516434989e-02
-5.334280568073852813e-02
-5.333859165233483662e-02
-5.333439869407316514e-02
-5.333022670060279941e-02
-5.332607556709978436e-02
-5.332194518926428733e-02
-5.331783546331796825e-02
-5.331374628600137749e-02
-5.330967755457136775e-02
-5.330562916679851271e-02
-5.330160102096451885e-02
-5.329759301585969972e-02
-5.329360505078040156e-02
-5.328963702552649839e-02
-5.328568884039886627e-02
-5.328176039619687138e-02
-5.327785159421588590e-02
-5.327396233624480393e-02
-5.327009252456357813e-02
-5.326624206194076339e-02
-5.326241085163106043e-02
-5.325859879737290803e-02
-5.325480580338604053e-02
-5.325103177436910779e-02
-5.324727661549726043e-02
-5.324354023241977679e-02
-5.323982253125767589e-02
-5.323612341860138597e-02
-5.323244280150837837e-02
-5.322878058750083602e-02
-5.322513668456332891e-02
-5.322151100114051042e-02
-5.321790344613480661e-02
-5.321431392890413337e-02
-5.321074235925961349e-02
-5.320718864746331461e-02
-5.320365270422600101e-02
-5.320013444070487152e-02
-5.319663376850134601e-02
-5.319315059965883802e-02
-5.318968484666054125e-02
-5.318623642242723687e-02
-5.318280524031510081e-02
-5.317939121411352499e-02
-5.317599425804295926e-02
-5.317261428675274654e-02
-5.316925121531898557e-02
-5.316590495924239379e-02
-5.316257543444618400e-02
-5.315926255727395494e-02
-5.315596624448758190e-02
-5.315268641326514193e-02
-5.314942298119881836e-02
-5.314617586629282603e-02
-5.314294498696136432e-02
-5.313973026202655631e-02
-5.313653161071642261e-02
-5.313334895266284136e-02
-5.313018220789952895e-02
-5.312703129686003473e-02
-5.312389614037573565e-02
-5.312077665967385870e-02
-5.311767277637548940e-02
-5.311458441249361506e-02
-5.311151149043114722e-02
-5.310845393297899258e-02
-5.310541166331409629e-02
-5.310238460499752677e-02
-5.309937268197253979e-02
-5.309637581856267718e-02
-5.309339393946986563e-02
-5.309042696977251535e-02
-5.308747483492365360e-02
-5.308453746074903723e-02
-5.308161477344529311e-02
-5.307870669957806542e-02
-5.307581316608017685e-02
-5.307293410024977592e-02
-5.307006942974852592e-02
-5.306721908259977999e-02
-5.306438298718678392e-02
-5.306156107225085128e-02
-5.305875326688959392e-02
-5.305595950055514570e-02
-5.305317970305237218e-02
-5.305041380453710820e-02
-5.304766173551442310e-02
-5.304492342683685135e-02
-5.304219880970266476e-02
-5.303948781565415160e-02
-5.303679037657588191e-02
-5.303410642469300051e-02
-5.303143589256953394e-02
-5.302877871310668345e-02
-5.302613481954115277e-02
-5.302350414544344803e-02
-5.302088662471623332e-02
-5.301828219159265138e-02
-5.301569078063468610e-02
-5.301311232673151103e-02
-5.301054676509785180e-02
-5.300799403127236242e-02
-5.300545406111600161e-02
-5.300292679081042291e-02
-5.300041215685637186e-02
-5.299791009607209002e-02
-5.299542054559173293e-02
-5.299294344286377412e-02
-5.299047872564945777e-02
-5.298802633202120971e-02
-5.298558620036110389e-02
-5.298315826935930117e-02
-5.298074247801250192e-02
-5.297833876562244027e-02
-5.297594707179432982e-02
-5.297356733643535792e-02
-5.297119949975317987e-02
-5.296884350225441324e-02
-5.296649928474313901e-02
-5.296416678831942365e-02
-5.296184595437782722e-02
-5.295953672460593925e-02
-5.295723904098290774e-02
-5.295495284577799583e-02
-5.295267808154910383e-02
-5.295041469114136062e-02
-5.294816261768565263e-02
-5.294592180459722214e-02
-5.294369219557423789e-02
-5.294147373459636569e-02
-5.293926636592338059e-02
-5.293707003409376527e-02
-5.293488468392329449e-02
-5.293271026050367506e-02
-5.293054670920115806e-02
-5.292839397565515108e-02
-5.292625200577687206e-02
-5.292412074574798925e-02
-5.292200014201924735e-02
-5.291989014130914909e-02
-5.291779069060260215e-02
-5.291570173714958691e-02
-5.291362322846383803e-02
-5.291155511232151915e-02
-5.290949733675991140e-02
-5.290744985007610895e-02
-5.290541260082572833e-02
-5.290338553782159697e-02
-5.290136861013249037e-02
-5.289936176708182752e-02
-5.289736495824641505e-02
-5.289537813345518424e-02
-5.289340124278790745e-02
-5.289143423657396981e-02
-5.288947706539109950e-02
-5.288752968006414645e-02
-5.288559203166382644e-02
-5.288366407150550674e-02
-5.288174575114797799e-02
-5.287983702239223982e-02
-5.287793783728027969e-02
-5.287604814809387932e-02
-5.287416790735340738e-02
-5.287229706781663985e-02
-5.287043558247755959e-02
-5.286858340456516980e-02
-5.286674048754234218e-02
-5.286490678510463032e-02
-5.286308225117910403e-02
-5.286126683992321135e-02
-5.285946050572359195e-02
-5.285766320319497391e-02
-5.285587488717900101e-02
-5.285409551274310863e-02
-5.285232503517939273e-02
-5.285056341000349267e-02
-5.284881059295347405e-02
-5.284706653998870463e-02
-5.284533120728875794e-02
-5.284360455125231698e-02
-5.284188652849605705e-02
-5.284017709585357714e-02
-5.283847621037431053e-02
-5.283678382932244233e-02
-5.283509991017582702e-02
-5.283342441062494760e-02
-5.283175728857182618e-02
-5.283009850212896930e-02
-5.282844800961832704e-02
-5.282680576957023838e-02
-5.282517174072239030e-02
-5.282354588201877699e-02
-5.282192815260867980e-02
-5.282031851184563337e-02
-5.281871691928640561e-02
-5.281712333468997073e-02
-5.281553771801652392e-02
-5.281396002942644052e-02
-5.281239022927931154e-02
-5.281082827813291664e-02
-5.280927413674225274e-02
-5.280772776605854174e-02
-5.280618912722825214e-02
-5.280465818159211372e-02
-5.280313489068415300e-02
-5.280161921623072879e-02
-5.280011112014957458e-02
-5.279861056454882712e-02
-5.279711751172608269e-02
-5.279563192416745349e-02
-5.279415376454661690e-02
-5.279268299572388579e-02
-5.279121958074526472e-02
-5.278976348284154102e-02
-5.278831466542733414e-02
-5.278687309210020051e-02
-5.278543872663969683e-02
-5.278401153300649878e-02
-5.278259147534146434e-02
-5.278117851796475940e-02
-5.277977262537493497e-02
-5.277837376224805976e-02
-5.277698189343681817e-02
-5.277559698396963594e-02
-5.277421899904978508e-02
-5.277284790405453729e-02
-5.277148366453426193e-02
-5.277012624621159331e-02
-5.276877561498053565e-02
-5.276743173690563032e-02
-5.276609457822110244e-02
-5.276476410533000039e-02
-5.276344028480334930e-02
-5.276212308337933227e-02
-5.276081246796243684e-02
-5.275950840562262240e-02
-5.275821086359450823e-02
-5.275691980927653402e-02
-5.275563521023014790e-02
-5.275435703417899469e-02
-5.275308524900809704e-02
-5.275181982276305748e-02
-5.275056072364923965e-02
-5.274930792003099111e-02
-5.274806138043083847e-02
-5.274682107352868243e-02
-5.274558696816104147e-02
-5.274435903332023307e-02
-5.274313723815363120e-02
-5.274192155196286147e-02
-5.274071194420304476e-02
-5.273950838448202699e-02
-5.273831084255961588e-02
-5.273711928834681761e-02
-5.273593369190508057e-02
-5.273475402344555280e-02
-5.273358025332832572e-02
-5.273241235206168470e-02
-5.273125029030137356e-02
-5.273009403884986596e-02
-5.272894356865561599e-02
-5.272779885081233658e-02
-5.272665985655827781e-02
-5.272552655727548443e-02
-5.272439892448910898e-02
-5.272327692986666231e-02
-5.272216054521732670e-02
-5.272104974249124110e-02
-5.271994449377878644e-02
-5.271884477130989177e-02
-5.271775054745334033e-02
-5.271666179471607566e-02
-5.271557848574249389e-02
-5.271450059331378446e-02
-5.271342809034721549e-02
-5.271236094989548149e-02
-5.271129914514600251e-02
-5.271024264942027193e-02
-5.270919143617316949e-02
-5.270814547899230207e-02
-5.270710475159733760e-02
-5.270606922783935278e-02
-5.270503888170015305e-02
-5.270401368729165509e-02
-5.270299361885519979e-02
-5.270197865076092086e-02
-5.270096875750711340e-02
-5.269996391371957467e-02
-5.269896409415097960e-02
-5.269796927368022160e-02
-5.269697942731182277e-02
-5.269599453017526081e-02
-5.269501455752438612e-02
-5.269403948473676269e-02
-5.269306928731307821e-02
-5.269210394087651267e-02
-5.269114342117212774e-02
-5.269018770406627000e-02
-5.268923676554593954e-02
-5.268829058171820706e-02
-5.268734912880961713e-02
-5.268641238316557063e-02
-5.268548032124974190e-02
-5.268455291964349585e-02
-5.268363015504527735e-02
-5.268271200427004919e-02
-5.268179844424870223e-02
-5.268088945202745871e-02
-5.267998500476732404e-02
-5.267908507974349008e-02
-5.267818965434477307e-02
-5.267729870607305159e-02
-5.267641221254268369e-02
-5.267553015147997258e-02
-5.267465250072256994e-02
-5.267377923821895541e-02
-5.267291034202786076e-02
-5.267204579031772166e-02
-5.267118556136613644e-02
-5.267032963355930408e-02
-5.266947798539151071e-02
-5.266863059546455367e-02
-5.266778744248722804e-02
-5.266694850527479238e-02
-5.266611376274842049e-02
-5.266528319393468105e-02
-5.266445677796501024e-02
-5.266363449407518438e-02
-5.266281632160480647e-02
-5.266200223999678576e-02
-5.266119222879680345e-02
-5.266038626765282005e-02
-5.265958433631455493e-02
-5.265878641463297982e-02
-5.265799248255981224e-02
-5.265720252014701591e-02
-5.265641650754628034e-02
-5.265563442500854896e-02
-5.265485625288350569e-02
-5.265408197161908915e-02
-5.265331156176099314e-02
-5.265254500395218779e-02
-5.265178227893242691e-02
-5.265102336753776230e-02
-5.265026825070007188e-02
-5.264951690944657398e-02
-5.264876932489934158e-02
-5.264802547827484441e-02
-5.264728535088347011e-02
-5.264654892412905240e-02
-5.264581617950840620e-02
-5.264508709861086266e-02
-5.264436166311781129e-02
-5.264363985480222108e-02
-5.264292165552821035e-02
-5.264220704725056793e-02
-5.264149601201431605e-02
-5.264078853195424540e-02
-5.264008458929447104e-02
-5.263938416634799528e-02
-5.263868724551625661e-02
-5.263799380928867871e-02
-5.263730384024223330e-02
-5.263661732104102375e-02
-5.263593423443582026e-02
-5.263525456326364343e-02
-5.263457829044732722e-02
-5.263390539899508863e-02
-5.263323587200011144e-02
-5.263256969264010904e-02
-5.263190684417690807e-02
-5.263124730995602518e-02
-5.263059107340624376e-02
-5.262993811803921146e-02
-5.262928842744901692e-02
-5.262864198531177345e-02
-5.262799877538521659e-02
-5.262735878150828772e-02
-5.262672198760074554e-02
-5.262608837766274278e-02
-5.262545793577443065e-02
-5.262483064609555644e-02
-5.262420649286508184e-02
-5.262358546040075968e-02
-5.262296753309875924e-02
-5.262235269543326377e-02
-5.262174093195609581e-02
-5.262113222729631473e-02
-5.262052656615983509e-02
-5.261992393332903806e-02
-5.261932431366238977e-02
-5.261872769209408052e-02
-5.261813405363360840e-02
-5.261754338336543935e-02
-5.261695566644861155e-02
-5.261637088811636775e-02
-5.261578903367578747e-02
-5.261521008850740533e-02
-5.261463403806487110e-02
-5.261406086787454722e-02
-5.261349056353517573e-02
-5.261292311071749661e-02
-5.261235849516390783e-02
-5.261179670268809061e-02
-5.261123771917464859e-02
-5.261068153057877478e-02
-5.261012812292588381e-02
-5.260957748231125108e-02
-5.260902959489969360e-02
-5.260848444692519527e-02
-5.260794202469056685e-02
-5.260740231456711297e-02
-5.260686530299427816e-02
-5.260633097647930689e-02
-5.260579932159691052e-02
-5.260527032498892724e-02
-5.260474397336398211e-02
-5.260422025349716091e-02
-5.260369915222967707e-02
-5.260318065646853170e-02
-5.260266475318618740e-02
-5.260215142942025607e-02
-5.260164067227315193e-02
-5.260113246891178623e-02
-5.260062680656722722e-02
-5.260012367253438792e-02
-5.259962305417171385e-02
-5.259912493890085694e-02
-5.259862931420634935e-02
-5.259813616763531902e-02
-5.259764548679714269e-02
-5.259715725936315450e-02
-5.259667147306634066e-02
-5.259618811570100638e-02
-5.259570717512249832e-02
-5.259522863924688540e-02
-5.259475249605065350e-02
-5.259427873357040012e-02
-5.259380733990254991e-02
-5.259333830320303549e-02
-5.259287161168701985e-02
-5.259240725362858415e-02
-5.259194521736044320e-02
-5.259148549127364014e-02
-5.259102806381726891e-02
-5.259057292349818280e-02
-5.259012005888068914e-02
-5.258966945858628561e-02
-5.258922111129335497e-02
-5.258877500573688746e-02
-5.258833113070820325e-02
-5.258788947505466105e-02
-5.258745002767938742e-02
-5.258701277754099235e-02
-5.258657771365328470e-02
-5.258614482508501553e-02
-5.258571410095959353e-02
-5.258528553045479365e-02
-5.258485910280252112e-02
-5.258443480728850622e-02
-5.258401263325206132e-02
-5.258359257008580340e-02
-5.258317460723537645e-02
-5.258275873419920171e-02
-5.258234494052820701e-02
-5.258193321582556312e-02
-5.258152354974643394e-02
-5.258111593199769895e-02
-5.258071035233771034e-02
-5.258030680057602241e-02
-5.257990526657314173e-02
-5.257950574024027740e-02
-5.257910821153907732e-02
-5.257871267048138536e-02
-5.257831910712897766e-02
-5.257792751159333366e-02
-5.257753787403536549e-02
-5.257715018466518897e-02
-5.257676443374185993e-02
-5.257638061157315218e-02
-5.257599870851528689e-02
-5.257561871497271055e-02
-5.257524062139784515e-02
-5.257486441829085921e-02
-5.257449009619940411e-02
-5.257411764571840590e-02
-5.257374705748981553e-02
-5.257337832220236595e-02
-5.257301143059135706e-02
-5.257264637343839891e-02
-5.257228314157120358e-02
-5.257192172586334922e-02
-5.257156211723403028e-02
-5.257120430664786320e-02
-5.257084828511462277e-02
-5.257049404368904777e-02
-5.257014157347060512e-02
-5.256979086560325393e-02
-5.256944191127523730e-02
-5.256909470171886034e-02
-5.256874922821026808e-02
-5.256840548206921648e-02
-5.256806345465887126e-02
-5.256772313738557884e-02
-5.256738452169865128e-02
-5.256704759909015812e-02
-5.256671236109470430e-02
-5.256637879928922896e-02
-5.256604690529278340e-02
-5.256571667076632287e-02
-5.256538808741249152e-02
-5.256506114697542809e-02
-5.256473584124055076e-02
-5.256441216203434907e-02
-5.256409010122417569e-02
-5.256376965071805213e-02
-5.256345080246446061e-02
-5.256313354845213587e-02
-5.256281788070987782e-02
-5.256250379130632949e-02
-5.256219127234979666e-02
-5.256188031598804655e-02
-5.256157091440810669e-02
-5.256126305983606362e-02
-5.256095674453688249e-02
-5.256065196081419894e-02
-5.256034870101012474e-02
-5.256004695750507438e-02
-5.255974672271754994e-02
-5.255944798910396065e-02
-5.255915074915844254e-02
-5.255885499541265021e-02
-5.255856072043559035e-02
-5.255826791683341354e-02
-5.255797657724924771e-02
-5.255768669436300389e-02
-5.255739826089118882e-02
-5.255711126958673152e-02
-5.255682571323879587e-02
-5.255654158467260029e-02
-5.255625887674923724e-02
-5.255597758236549288e-02
-5.255569769445366662e-02
-5.255541920598139766e-02
-5.255514210995149149e-02
-5.255486639940173260e-02
-5.255459206740472483e-02
-5.255431910706770404e-02
-5.255404751153236464e-02
-5.255377727397470000e-02
-5.255350838760482896e-02
-5.255324084566680154e-02
-5.255297464143846714e-02
-5.255270976823127327e-02
-5.255244621939011984e-02
-5.255218398829317183e-02
-5.255192306835170662e-02
-5.255166345300994746e-02
-5.255140513574489691e-02
-5.255114811006617037e-02
-5.255089236951583642e-02
-5.255063790766825726e-02
-5.255038471812991524e-02
-5.255013279453926711e-02
-5.254988213056657059e-02
-5.254963271991373863e-02
-5.254938455631417288e-02
-5.254913763353260409e-02
-5.254889194536493946e-02
-5.254864748563811694e-02
-5.254840424820992478e-02
-5.254816222696887668e-02
-5.254792141583403131e-02
-5.254768180875486056e-02
-5.254744339971108291e-02
-5.254720618271252475e-02
-5.254697015179896069e-02
-5.254673530103996792e-02
-5.254650162453476658e-02
-5.254626911641209486e-02
-5.254603777083003552e-02
-5.254580758197588408e-02
-5.254557854406600309e-02
-5.254535065134567640e-02
-5.254512389808894957e-02
-5.254489827859850498e-02
-5.254467378720550919e-02
-5.254445041826948104e-02
-5.254422816617813213e-02
-5.254400702534724188e-02
-5.254378699022050486e-02
-5.254356805526939900e-02
-5.254335021499305369e-02
-5.254313346391809025e-02
-5.254291779659849698e-02
-5.254270320761550428e-02
-5.254248969157742505e-02
-5.254227724311953673e-02
-5.254206585690393561e-02
-5.254185552761941880e-02
-5.254164624998132471e-02
-5.254143801873141506e-02
-5.254123082863775690e-02
-5.254102467449456998e-02
-5.254081955112209490e-02
-5.254061545336648209e-02
-5.254041237609965304e-02
-5.254021031421915455e-02
-5.254000926264806165e-02
-5.253980921633481793e-02
-5.253961017025314539e-02
-5.253941211940187789e-02
-5.253921505880487092e-02
-5.253901898351084898e-02
-5.253882388859329455e-02
-5.253862976915033012e-02
-5.253843662030457939e-02
-5.253824443720305631e-02
-5.253805321501704012e-02
-5.253786294894195741e-02
-5.253767363419725028e-02
-5.253748526602626534e-02
-5.253729783969613570e-02
-5.253711135049765613e-02
-5.253692579374516503e-02
-5.253674116477644040e-02
-5.253655745895256107e-02
-5.253637467165779562e-02
-5.253619279829950528e-02
-5.253601183430800514e-02
-5.253583177513646701e-02
-5.253565261626078758e-02
-5.253547435317948433e-02
-5.253529698141358451e-02
-5.253512049650651411e-02
-5.253494489402397993e-02
-5.253477016955385853e-02
-5.253459631870609214e-02
-5.253442333711256379e-02
-5.253425122042700013e-02
-5.253407996432486737e-02
-5.253390956450324639e-02
-5.253374001668072862e-02
-5.253357131659732587e-02
-5.253340346001433847e-02
-5.253323644271426507e-02
-5.253307026050069162e-02
-5.253290490919818728e-02
-5.253274038465219342e-02
-5.253257668272893338e-02
-5.253241379931528759e-02
-5.253225173031871031e-02
-5.253209047166711859e-02
-5.253193001930878125e-02
-5.253177036921223564e-02
-5.253161151736617657e-02
-5.253145345977934533e-02
-5.253129619248044641e-02
-5.253113971151804340e-02
-5.253098401296045494e-02
-5.253082909289565061e-02
-5.253067494743117460e-02
-5.253052157269402084e-02
-5.253036896483054968e-02
-5.253021712000639776e-02
-5.253006603440636690e-02
-5.252991570423433398e-02
-5.252976612571316067e-02
-5.252961729508459632e-02
-5.252946920860917385e-02
-5.252932186256612651e-02
-5.252917525325329767e-02
-5.252902937698702979e-02
-5.252888423010209501e-02
-5.252873980895158418e-02
-5.252859610990682354e-02
-5.252845312935729150e-02
-5.252831086371050756e-02
-5.252816930939195605e-02
-5.252802846284499588e-02
-5.252788832053077034e-02
-5.252774887892811689e-02
-5.252761013453347699e-02
-5.252747208386081279e-02
-5.252733472344151000e-02
-5.252719804982430157e-02
-5.252706205957517749e-02
-5.252692674927730149e-02
-5.252679211553091393e-02
-5.252665815495326240e-02
-5.252652486417849764e-02
-5.252639223985760414e-02
-5.252626027865831687e-02
-5.252612897726502417e-02
-5.252599833237869831e-02
-5.252586834071680533e-02
-5.252573899901322174e-02
-5.252561030401815823e-02
-5.252548225249806940e-02
-5.252535484123557752e-02
-5.252522806702940306e-02
-5.252510192669425371e-02
-5.252497641706078274e-02
-5.252485153497547798e-02
-5.252472727730059937e-02
-5.252460364091409567e-02
-5.252448062270952817e-02
-5.252435821959598045e-02
-5.252423642849800289e-02
-5.252411524635551554e-02
-5.252399467012373868e-02
-5.252387469677311654e-02
-5.252375532328924790e-02
-5.252363654667280279e-02
-5.252351836393943929e-02
-5.252340077211974101e-02
-5.252328376825914080e-02
-5.252316734941784443e-02
-5.252305151267075423e-02
-5.252293625510739972e-02
-5.252282157383186129e-02
-5.252270746596270079e-02
-5.252259392863288523e-02
-5.252248095898971736e-02
-5.252236855419476630e-02
-5.252225671142379121e-02
-5.252214542786667190e-02
-5.252203470072733943e-02
-5.252192452722369981e-02
-5.252181490458757845e-02
-5.252170583006464388e-02
-5.252159730091431750e-02
-5.252148931440974583e-02
-5.252138186783769647e-02
-5.252127495849850947e-02
-5.252116858370601410e-02
-5.252106274078748721e-02
-5.252095742708354914e-02
-5.252085263994812903e-02
-5.252074837674838848e-02
-5.252064463486464524e-02
-5.252054141169032464e-02
-5.252043870463187630e-02
-5.252033651110871865e-02
-5.252023482855317643e-02
-5.252013365441041137e-02
-5.252003298613835969e-02
-5.251993282120766965e-02
-5.251983315710163219e-02
-5.251973399131612541e-02
-5.251963532135954515e-02
-5.251953714475274954e-02
-5.251943945902898259e-02
-5.251934226173383957e-02
-5.251924555042516984e-02
-5.251914932267304215e-02
-5.251905357605967523e-02
-5.251895830817937538e-02
-5.251886351663848096e-02
-5.251876919905528601e-02
-5.251867535306001256e-02
-5.251858197629471342e-02
-5.251848906641323755e-02
-5.251839662108117451e-02
-5.251830463797577120e-02
-5.251821311478589022e-02
-5.251812204921196131e-02
-5.251803143896589809e-02
-5.251794128177107029e-02
-5.251785157536221355e-02
-5.251776231748540164e-02
-5.251767350589797712e-02
-5.251758513836848885e-02
-5.251749721267664345e-02
-5.251740972661326362e-02
-5.251732267798019799e-02
-5.251723606459030025e-02
-5.251714988426734593e-02
-5.251706413484601155e-02
-5.251697881417178443e-02
-5.251689392010092799e-02
-5.251680945050042626e-02
-5.251672540324792138e-02
-5.251664177623167895e-02
-5.251655856735051864e-02
-5.251647577451376558e-02
-5.251639339564119491e-02
-5.251631142866299007e-02
-5.251622987151967348e-02
-5.251614872216207180e-02
-5.251606797855126046e-02
-5.251598763865850117e-02
-5.251590770046520723e-02
-5.251582816196288112e-02
-5.251574902115306587e-02
-5.251567027604730348e-02
-5.251559192466706549e-02
-5.251551396504373220e-02
-5.251543639521851631e-02
-5.251535921324242129e-02
-5.251528241717620671e-02
-5.251520600509032577e-02
-5.251512997506487673e-02
-5.251505432518955435e-02
-5.251497905356360824e-02
-5.251490415829578734e-02
-5.251482963750430527e-02
-5.251475548931678478e-02
-5.251468171187020223e-02
-5.251460830331085294e-02
-5.251453526179429565e-02
-5.251446258548532475e-02
-5.251439027255790093e-02
-5.251431832119510951e-02
-5.251424672958913270e-02
-5.251417549594118717e-02
-5.251410461846148237e-02
-5.251403409536917199e-02
-5.251396392489232623e-02
-5.251389410526786233e-02
-5.251382463474152384e-02
-5.251375551156781812e-02
-5.251368673400998166e-02
-5.251361830033993150e-02
-5.251355020883823055e-02
-5.251348245779403900e-02
-5.251341504550506578e-02
-5.251334797027754075e-02
-5.251328123042615231e-02
-5.251321482427401960e-02
-5.251314875015265088e-02
-5.251308300640188803e-02
-5.251301759136987879e-02
-5.251295250341302817e-02
-5.251288774089596378e-02
-5.251282330219148725e-02
-5.251275918568053258e-02
-5.251269538975213147e-02
-5.251263191280337167e-02
-5.251256875323935536e-02
-5.251250590947315749e-02
-5.251244337992579114e-02
-5.251238116302615888e-02
-5.251231925721102506e-02
-5.251225766092496722e-02
-5.251219637262034140e-02
-5.251213539075724052e-02
-5.251207471380345271e-02
-5.251201434023443360e-02
-5.251195426853326464e-02
-5.251189449719059765e-02
-5.251183502470464781e-02
-5.251177584958112432e-02
-5.251171697033321650e-02
-5.251165838548155218e-02
-5.251160009355414215e-02
-5.251154209308637327e-02
-5.251148438262093904e-02
-5.251142696070783267e-02
-5.251136982590429159e-02
-5.251131297677476967e-02
-5.251125641189089560e-02
-5.251120012983143820e-02
-5.251114412918227864e-02
-5.251108840853636883e-02
-5.251103296649368979e-02
-5.251097780166122386e-02
-5.251092291265292006e-02
-5.251086829808965240e-02
-5.251081395659920603e-02
-5.251075988681620788e-02
-5.251070608738212658e-02
-5.251065255694521705e-02
-5.251059929416049266e-02
-5.251054629768969056e-02
-5.251049356620124398e-02
-5.251044109837024049e-02
-5.251038889287838740e-02
-5.251033694841399785e-02
-5.251028526367192834e-02
-5.251023383735357181e-02
-5.251018266816680213e-02
-5.251013175482596718e-02
-5.251008109605184021e-02
-5.251003069057157829e-02
-5.250998053711872227e-02
-5.250993063443312736e-02
-5.250988098126096321e-02
-5.250983157635465831e-02
-5.250978241847288619e-02
-5.250973350638052373e-02
-5.250968483884862342e-02
-5.250963641465437870e-02
-5.250958823258111002e-02
-5.250954029141820245e-02
-5.250949258996111257e-02
-5.250944512701130606e-02
-5.250939790137625074e-02
-5.250935091186936798e-02
-5.250930415731001888e-02
-5.250925763652346950e-02
-5.250921134834084930e-02
-5.250916529159914414e-02
-5.250911946514114775e-02
-5.250907386781544089e-02
-5.250902849847636361e-02
-5.250898335598398053e-02
-5.250893843920406007e-02
-5.250889374700803969e-02
-5.250884927827299820e-02
-5.250880503188163489e-02
-5.250876100672222796e-02
-5.250871720168861362e-02
-5.250867361568017228e-02
-5.250863024760177300e-02
-5.250858709636376659e-02
-5.250854416088195087e-02
-5.250850144007754294e-02
-5.250845893287715838e-02
-5.250841663821276956e-02
-5.250837455502170570e-02
-5.250833268224659733e-02
-5.250829101883536243e-02
-5.250824956374118557e-02
-5.250820831592247634e-02
-5.250816727434286235e-02
-5.250812643797114765e-02
-5.250808580578129187e-02
-5.250804537675238248e-02
-5.250800514986862094e-02
-5.250796512411928102e-02
-5.250792529849868800e-02
-5.250788567200619789e-02
-5.250784624364616959e-02
-5.250780701242793724e-02
-5.250776797736579626e-02
-5.250772913747896870e-02
-5.250769049179157544e-02
-5.250765203933261543e-02
-5.250761377913595179e-02
-5.250757571024027015e-02
-5.250753783168907174e-02
-5.250750014253062481e-02
-5.250746264181797157e-02
-5.250742532860887962e-02
-5.250738820196583501e-02
-5.250735126095600752e-02
-5.250731450465122990e-02
-5.250727793212797700e-02
-5.250724154246733805e-02
-5.250720533475500273e-02
-5.250716930808122657e-02
-5.250713346154082389e-02
-5.250709779423311935e-02
-5.250706230526195478e-02
-5.250702699373564764e-02
-5.250699185876697012e-02
-5.250695689947313533e-02
-5.250692211497576950e-02
-5.250688750440089120e-02
-5.250685306687888354e-02
-5.250681880154448727e-02
-5.250678470753676608e-02
-5.250675078399907880e-02
