-6.493000000000000160e-02
-6.486034999999999717e-02
-6.479104824999999679e-02
-6.472209300874999516e-02
-6.465348254370624492e-02
-6.458521513098770817e-02
-6.451728905533277159e-02
-6.444970261005611434e-02
-6.438245409700583954e-02
-6.431554182652081397e-02
-6.424896411738821589e-02
-6.418271929680127719e-02
-6.411680570031727533e-02
-6.405122167181569182e-02
-6.398596556345660658e-02
-6.392103573563932828e-02
-6.385643055696113568e-02
-6.379214840417632426e-02
-6.372818766215544717e-02
-6.366454672384466718e-02
-6.360122399022544171e-02
-6.353821787027431889e-02
-6.347552678092294176e-02
-6.341314914701833005e-02
-6.335108340128324522e-02
-6.328932798427683304e-02
-6.322788134435544660e-02
-6.316674193763366363e-02
-6.310590822794549803e-02
-6.304537868680576418e-02
-6.298515179337173253e-02
-6.292522603440486861e-02
-6.286559990423284949e-02
-6.280627190471169130e-02
-6.274724054518812655e-02
-6.268850434246218961e-02
-6.263006182074988548e-02
-6.257191151164613607e-02
-6.251405195408790694e-02
-6.245648169431746582e-02
-6.239919928584587716e-02
-6.234220328941664918e-02
-6.228549227296956842e-02
-6.222906481160472153e-02
-6.217291948754669756e-02
-6.211705489010896364e-02
-6.206146961565842113e-02
-6.200616226758012828e-02
-6.195113145624223105e-02
-6.189637579896101888e-02
-6.184189391996621626e-02
-6.178768445036638551e-02
-6.173374602811455142e-02
-6.168007729797397865e-02
-6.162667691148410870e-02
-6.157354352692669119e-02
-6.152067580929206081e-02
-6.146807243024560163e-02
-6.141573206809437108e-02
-6.136365340775389726e-02
-6.131183514071512908e-02
-6.126027596501155276e-02
-6.120897458518649581e-02
-6.115792971226056279e-02
-6.110714006369925844e-02
-6.105660436338076341e-02
-6.100632134156386277e-02
-6.095628973485604091e-02
-6.090650828618176388e-02
-6.085697574475085192e-02
-6.080769086602709483e-02
-6.075865241169695757e-02
-6.070985914963847319e-02
-6.066130985389028146e-02
-6.061300330462082719e-02
-6.056493828809772495e-02
-6.051711359665723489e-02
-6.046952802867394672e-02
-6.042218038853057471e-02
-6.037506948658791922e-02
-6.032819413915498086e-02
-6.028155316845920653e-02
-6.023514540261690892e-02
-6.018896967560382477e-02
-6.014302482722580501e-02
-6.009730970308967829e-02
-6.005182315457423259e-02
-6.000656403880136325e-02
-5.996153121860735985e-02
-5.991672356251432491e-02
-5.987213994470175216e-02
-5.982777924497824362e-02
-5.978364034875335159e-02
-5.973972214700958711e-02
-5.969602353627453950e-02
-5.965254341859316939e-02
-5.960928070150020575e-02
-5.956623429799270258e-02
-5.952340312650274134e-02
-5.948078611087023043e-02
-5.943838218031587822e-02
-5.939619026941429791e-02
-5.935420931806722339e-02
-5.931243827147688469e-02
-5.927087608011950143e-02
-5.922952169971890113e-02
-5.918837409122030407e-02
-5.914743222076420531e-02
-5.910669505966038156e-02
-5.906616158436207853e-02
-5.902583077644026760e-02
-5.898570162255806909e-02
-5.894577311444527956e-02
-5.890604424887305179e-02
-5.886651402762868579e-02
-5.882718145749054467e-02
-5.878804555020308853e-02
-5.874910532245207484e-02
-5.871035979583981435e-02
-5.867180799686061432e-02
-5.863344895687631203e-02
-5.859528171209193309e-02
-5.855730530353147473e-02
-5.851951877701381394e-02
-5.848192118312874749e-02
-5.844451157721310131e-02
-5.840728901932703415e-02
-5.837025257423039681e-02
-5.833340131135924395e-02
-5.829673430480245000e-02
-5.826025063327843617e-02
-5.822394938011204307e-02
-5.818782963321147972e-02
-5.815189048504542518e-02
-5.811613103262019964e-02
-5.808055037745710192e-02
-5.804514762556981650e-02
-5.800992188744196615e-02
-5.797487227800475484e-02
-5.793999791661472859e-02
-5.790529792703165424e-02
-5.787077143739649543e-02
-5.783641758020951346e-02
-5.780223549230846525e-02
-5.776822431484692627e-02
-5.773438319327268975e-02
-5.770071127730632549e-02
-5.766720772091979419e-02
-5.763387168231519364e-02
-5.760070232390361589e-02
-5.756769881228409463e-02
-5.753486031822267754e-02
-5.750218601663156098e-02
-5.746967508654840517e-02
-5.743732671111566324e-02
-5.740514007756008369e-02
-5.737311437717228235e-02
-5.734124880528641832e-02
-5.730954256125998791e-02
-5.727799484845368799e-02
-5.724660487421141808e-02
-5.721537184984035879e-02
-5.718429499059115434e-02
-5.715337351563819918e-02
-5.712260664806000782e-02
-5.709199361481970963e-02
-5.706153364674561301e-02
-5.703122597851188746e-02
-5.700106984861932902e-02
-5.697106449937622968e-02
-5.694120917687935102e-02
-5.691150313099495317e-02
-5.688194561533997662e-02
-5.685253588726327939e-02
-5.682327320782696450e-02
-5.679415684178783230e-02
-5.676518605757889524e-02
-5.673636012729100370e-02
-5.670767832665454811e-02
-5.667913993502127212e-02
-5.665074423534616904e-02
-5.662249051416944068e-02
-5.659437806159859502e-02
-5.656640617129059939e-02
-5.653857414043414464e-02
-5.651088126973197179e-02
-5.648332686338330966e-02
-5.645591022906639583e-02
-5.642863067792106696e-02
-5.640148752453146008e-02
-5.637448008690880419e-02
-5.634760768647426032e-02
-5.632086964804188661e-02
-5.629426529980167959e-02
-5.626779397330267107e-02
-5.624145500343615683e-02
-5.621524772841897388e-02
-5.618917148977688181e-02
-5.616322563232799964e-02
-5.613740950416636066e-02
-5.611172245664552971e-02
-5.608616384436230368e-02
-5.606073302514049533e-02
-5.603542936001479347e-02
-5.601025221321472014e-02
-5.598520095214864351e-02
-5.596027494738790159e-02
-5.593547357265096082e-02
-5.591079620478770634e-02
-5.588624222376376710e-02
-5.586181101264494492e-02
-5.583750195758171997e-02
-5.581331444779381173e-02
-5.578924787555484405e-02
-5.576530163617707259e-02
-5.574147512799618870e-02
-5.571776775235620649e-02
-5.569417891359442624e-02
-5.567070801902645333e-02
-5.564735447893132125e-02
-5.562411770653666321e-02
-5.560099711800398081e-02
-5.557799213241396141e-02
-5.555510217175189253e-02
-5.553232666089313180e-02
-5.550966502758866716e-02
-5.548711670245072558e-02
-5.546468111893847197e-02
-5.544235771334377755e-02
-5.542014592477705753e-02
-5.539804519515317133e-02
-5.537605496917740594e-02
-5.535417469433152188e-02
-5.533240382085986148e-02
-5.531074180175556132e-02
-5.528918809274678547e-02
-5.526774215228304893e-02
-5.524640344152163124e-02
-5.522517142431402487e-02
-5.520404556719245293e-02
-5.518302533935649096e-02
-5.516211021265970960e-02
-5.514129966159641433e-02
-5.512059316328843384e-02
-5.509999019747199162e-02
-5.507949024648463310e-02
-5.505909279525220829e-02
-5.503879733127594459e-02
-5.501860334461956825e-02
-5.499851032789646738e-02
-5.497851777625698683e-02
-5.495862518737570229e-02
-5.493883206143882619e-02
-5.491913790113163440e-02
-5.489954221162597625e-02
-5.488004450056784694e-02
-5.486064427806500859e-02
-5.484134105667468062e-02
-5.482213435139130647e-02
-5.480302367963434812e-02
-5.478400856123617768e-02
-5.476508851842999681e-02
-5.474626307583784629e-02
-5.472753176045865725e-02
-5.470889410165636485e-02
-5.469034963114808440e-02
-5.467189788299234299e-02
-5.465353839357738053e-02
-5.463527070160949239e-02
-5.461709434810144148e-02
-5.459900887636093270e-02
-5.458101383197912909e-02
-5.456310876281923045e-02
-5.454529321900513511e-02
-5.452756675291010879e-02
-5.450992891914555744e-02
-5.449237927454982783e-02
-5.447491737817707763e-02
-5.445754279128619396e-02
-5.444025507732976055e-02
-5.442305380194311509e-02
-5.440593853293339971e-02
-5.438890884026872929e-02
-5.437196429606738768e-02
-5.435510447458705152e-02
-5.433832895221411829e-02
-5.432163730745304814e-02
-5.430502912091578205e-02
-5.428850397531120170e-02
-5.427206145543464477e-02
-5.425570114815746886e-02
-5.423942264241668476e-02
-5.422322552920460365e-02
-5.420710940155858137e-02
-5.419107385455079057e-02
-5.417511848527803431e-02
-5.415924289285164311e-02
-5.414344667838738578e-02
-5.412772944499544964e-02
-5.411209079777046932e-02
-5.409653034378161807e-02
-5.408104769206271284e-02
-5.406564245360240273e-02
-5.405031424133439205e-02
-5.403506267012771896e-02
-5.401988735677708264e-02
-5.400478791999319822e-02
-5.398976398039323499e-02
-5.397481516049126848e-02
-5.395994108468880890e-02
-5.394514137926536418e-02
-5.393041567236903783e-02
-5.391576359400719609e-02
-5.390118477603716290e-02
-5.388667885215697728e-02
-5.387224545789619234e-02
-5.385788423060670904e-02
-5.384359480945367232e-02
-5.382937683540640200e-02
-5.381522995122937220e-02
-5.380115380147322546e-02
-5.378714803246585630e-02
-5.377321229230352939e-02
-5.375934623084201169e-02
-5.374554949968780165e-02
-5.373182175218936540e-02
-5.371816264342842151e-02
-5.370457183021128122e-02
-5.369104897106022345e-02
-5.367759372620492520e-02
-5.366420575757389899e-02
-5.365088472878602743e-02
-5.363763030514209773e-02
-5.362444215361638483e-02
-5.361131994284830393e-02
-5.359826334313406299e-02
-5.358527202641839154e-02
-5.357234566628629735e-02
-5.355948393795486456e-02
-5.354668651826509362e-02
-5.353395308567376887e-02
-5.352128332024540247e-02
-5.350867690364417839e-02
-5.349613351912595877e-02
-5.348365285153033194e-02
-5.347123458727268130e-02
-5.345887841433631660e-02
-5.344658402226463295e-02
-5.343435110215331157e-02
-5.342217934664254819e-02
-5.341006844990933700e-02
-5.339801810765978929e-02
-5.338602801712149376e-02
-5.337409787703588371e-02
-5.336222738765070139e-02
-5.335041625071244853e-02
-5.333866416945888533e-02
-5.332697084861159204e-02
-5.331533599436853732e-02
-5.330375931439669535e-02
-5.329224051782471133e-02
-5.328077931523558797e-02
-5.326937541865941345e-02
-5.325802854156611726e-02
-5.324673839885828847e-02
-5.323550470686399388e-02
-5.322432718332967272e-02
-5.321320554741302417e-02
-5.320213951967595750e-02
-5.319112882207757687e-02
-5.318017317796718685e-02
-5.316927231207735360e-02
-5.315842595051696595e-02
-5.314763382076437975e-02
-5.313689565166055534e-02
-5.312621117340225046e-02
-5.311558011753524100e-02
-5.310500221694756245e-02
-5.309447720586282782e-02
-5.308400481983351071e-02
-5.307358479573434651e-02
-5.306321687175567792e-02
-5.305290078739689774e-02
-5.304263628345991244e-02
-5.303242310204261262e-02
-5.302226098653239905e-02
-5.301214968159973645e-02
-5.300208893319173498e-02
-5.299207848852577341e-02
-5.298211809608314310e-02
-5.297220750560272667e-02
-5.296234646807471136e-02
-5.295253473573433706e-02
-5.294277206205566522e-02
-5.293305820174538934e-02
-5.292339291073665936e-02
-5.291377594618297542e-02
-5.290420706645206084e-02
-5.289468603111979750e-02
-5.288521260096419596e-02
-5.287578653795937250e-02
-5.286640760526957472e-02
-5.285707556724322798e-02
-5.284779018940700956e-02
-5.283855123845997148e-02
-5.282935848226767012e-02
-5.282021168985633064e-02
-5.281111063140704609e-02
-5.280205507825001116e-02
-5.279304480285876289e-02
-5.278407957884446999e-02
-5.277515918095024988e-02
-5.276628338504549959e-02
-5.275745196812027527e-02
-5.274866470827967169e-02
-5.273992138473827113e-02
-5.273122177781457837e-02
-5.272256566892550428e-02
-5.271395284058087716e-02
-5.270538307637797487e-02
-5.269685616099608477e-02
-5.268837188019110523e-02
-5.267993002079014719e-02
-5.267153037068619814e-02
-5.266317271883276530e-02
-5.265485685523860204e-02
-5.264658257096240662e-02
-5.263834965810759714e-02
-5.263015790981705883e-02
-5.262200712026797456e-02
-5.261389708466663456e-02
-5.260582759924330165e-02
-5.259779846124708336e-02
-5.258980946894084574e-02
-5.258186042159614104e-02
-5.257395111948816313e-02
-5.256608136389072372e-02
-5.255825095707127026e-02
-5.255045970228591073e-02
-5.254270740377448012e-02
-5.253499386675560684e-02
-5.252731889742182775e-02
-5.251968230293471707e-02
-5.251208389142004301e-02
-5.250452347196294528e-02
-5.249700085460313331e-02
-5.248951585033011930e-02
-5.248206827107847194e-02
-5.247465792972307724e-02
-5.246728464007446163e-02
-5.245994821687408743e-02
-5.245264847578971767e-02
-5.244538523341076702e-02
-5.243815830724371518e-02
-5.243096751570749947e-02
-5.242381267812896289e-02
-5.241669361473831612e-02
-5.240961014666462719e-02
-5.240256209593130432e-02
-5.239554928545164803e-02
-5.238857153902438946e-02
-5.238162868132927030e-02
-5.237472053792262272e-02
-5.236784693523301171e-02
-5.236100770055684972e-02
-5.235420266205406681e-02
-5.234743164874379462e-02
-5.234069449050007816e-02
-5.233399101804758063e-02
-5.232732106295734376e-02
-5.232068445764255504e-02
-5.231408103535434284e-02
-5.230751063017757135e-02
-5.230097307702668424e-02
-5.229446821164154824e-02
-5.228799587058333836e-02
-5.228155589123042318e-02
-5.227514811177427084e-02
-5.226877237121539677e-02
-5.226242850935931827e-02
-5.225611636681252309e-02
-5.224983578497845865e-02
-5.224358660605356308e-02
-5.223736867302329612e-02
-5.223118182965817702e-02
-5.222502592050988490e-02
-5.221890079090733827e-02
-5.221280628695280229e-02
-5.220674225551803771e-02
-5.220070854424044976e-02
-5.219470500151925096e-02
-5.218873147651165167e-02
-5.218278781912909225e-02
-5.217687388003344751e-02
-5.217098951063327966e-02
-5.216513456308011221e-02
-5.215930889026471062e-02
-5.215351234581338397e-02
-5.214774478408431418e-02
-5.214200606016389239e-02
-5.213629602986307593e-02
-5.213061454971375935e-02
-5.212496147696519394e-02
-5.211933666958036560e-02
-5.211373998623246295e-02
-5.210817128630130385e-02
-5.210263042986979648e-02
-5.209711727772044915e-02
-5.209163169133184529e-02
-5.208617353287518792e-02
-5.208074266521080936e-02
-5.207533895188475731e-02
-5.206996225712533233e-02
-5.206461244583970860e-02
-5.205928938361051306e-02
-5.205399293669246003e-02
-5.204872297200899972e-02
-5.204347935714895290e-02
-5.203826196036320795e-02
-5.203307065056139019e-02
-5.202790529730857982e-02
-5.202276577082203673e-02
-5.201765194196792536e-02
-5.201256368225808807e-02
-5.200750086384679782e-02
-5.200246335952756621e-02
-5.199745104272993079e-02
-5.199246378751628400e-02
-5.198750146857870208e-02
-5.198256396123580869e-02
-5.197765114142963161e-02
-5.197276288572248021e-02
-5.196789907129386460e-02
-5.196305957593739394e-02
-5.195824427805770945e-02
-5.195345305666742436e-02
-5.194868579138408465e-02
-5.194394236242716456e-02
-5.193922265061502730e-02
-5.193452653736195523e-02
-5.192985390467514534e-02
-5.192520463515176710e-02
-5.192057861197600654e-02
-5.191597571891612417e-02
-5.191139584032154058e-02
-5.190683886111993606e-02
-5.190230466681433619e-02
-5.189779314348026695e-02
-5.189330417776286813e-02
-5.188883765687405530e-02
-5.188439346858968182e-02
-5.187997150124673551e-02
-5.187557164374050067e-02
-5.187119378552179638e-02
-5.186683781659418707e-02
-5.186250362751121390e-02
-5.185819110937366083e-02
-5.185390015382679296e-02
-5.184963065305765728e-02
-5.184538249979236957e-02
-5.184115558729340822e-02
-5.183694980935694280e-02
-5.183276506031015557e-02
-5.182860123500860478e-02
-5.182445822883356007e-02
-5.182033593768939350e-02
-5.181623425800094968e-02
-5.181215308671094366e-02
-5.180809232127738667e-02
-5.180405185967099785e-02
-5.180003160037264381e-02
-5.179603144237077822e-02
-5.179205128515892292e-02
-5.178809102873312836e-02
-5.178415057358946166e-02
-5.178022982072151559e-02
-5.177632867161791053e-02
-5.177244702825982425e-02
-5.176858479311852168e-02
-5.176474186915292625e-02
-5.176091815980716354e-02
-5.175711356900812576e-02
-5.175332800116308474e-02
-5.174956136115727023e-02
-5.174581355435148300e-02
-5.174208448657972859e-02
-5.173837406414683038e-02
-5.173468219382609812e-02
-5.173100878285696869e-02
-5.172735373894268157e-02
-5.172371697024796822e-02
-5.172009838539672749e-02
-5.171649789346974280e-02
-5.171291540400239223e-02
-5.170935082698237956e-02
-5.170580407284746521e-02
-5.170227505248322503e-02
-5.169876367722080895e-02
-5.169526985883470677e-02
-5.169179350954053453e-02
-5.168833454199283500e-02
-5.168489286928287102e-02
-5.168146840493645366e-02
-5.167806106291177037e-02
-5.167467075759721307e-02
-5.167129740380922709e-02
-5.166794091679018097e-02
-5.166460121220622925e-02
-5.166127820614519611e-02
-5.165797181511447289e-02
-5.165468195603890172e-02
-5.165140854625870775e-02
-5.164815150352741746e-02
-5.164491074600977699e-02
-5.164168619227972601e-02
-5.163847776131832989e-02
-5.163528537251173972e-02
-5.163210894564917997e-02
-5.162894840092093623e-02
-5.162580365891632911e-02
-5.162267464062175043e-02
-5.161956126741864409e-02
-5.161646346108154926e-02
-5.161338114377614361e-02
-5.161031423805726576e-02
-5.160726266686697927e-02
-5.160422635353264370e-02
-5.160120522176497859e-02
-5.159819919565615531e-02
-5.159520819967787497e-02
-5.159223215867948797e-02
-5.158927099788609277e-02
-5.158632464289666236e-02
-5.158339301968217772e-02
-5.158047605458376816e-02
-5.157757367431085177e-02
-5.157468580593929652e-02
-5.157181237690960235e-02
-5.156895331502505536e-02
-5.156610854844993069e-02
-5.156327800570768144e-02
-5.156046161567914149e-02
-5.155765930760074917e-02
-5.155487101106274311e-02
-5.155209665600742758e-02
-5.154933617272738910e-02
-5.154658949186375488e-02
-5.154385654440443720e-02
-5.154113726168241261e-02
-5.153843157537400105e-02
-5.153573941749713117e-02
-5.153306072040964719e-02
-5.153039541680760199e-02
-5.152774343972356397e-02
-5.152510472252494478e-02
-5.152247919891232014e-02
-5.151986680291775755e-02
-5.151726746890317177e-02
-5.151468113155865253e-02
-5.151210772590086168e-02
-5.150954718727135395e-02
-5.150699945133499491e-02
-5.150446445407832335e-02
-5.150194213180793457e-02
-5.149943242114889824e-02
-5.149693525904315561e-02
-5.149445058274793735e-02
-5.149197832983419543e-02
-5.148951843818502100e-02
-5.148707084599409706e-02
-5.148463549176412329e-02
-5.148221231430530342e-02
-5.147980125273377700e-02
-5.147740224647010671e-02
-5.147501523523775879e-02
-5.147264015906156953e-02
-5.147027695826626031e-02
-5.146792557347493191e-02
-5.146558594560755873e-02
-5.146325801587951776e-02
-5.146094172580011755e-02
-5.145863701717112021e-02
-5.145634383208526341e-02
-5.145406211292483795e-02
-5.145179180236021665e-02
-5.144953284334841809e-02
-5.144728517913167709e-02
-5.144504875323601539e-02
-5.144282350946983301e-02
-5.144060939192248577e-02
-5.143840634496287673e-02
-5.143621431323806142e-02
-5.143403324167187401e-02
-5.143186307546351171e-02
-5.142970376008619560e-02
-5.142755524128576200e-02
-5.142541746507933026e-02
-5.142329037775393574e-02
-5.142117392586516289e-02
-5.141906805623583376e-02
-5.141697271595465496e-02
-5.141488785237487841e-02
-5.141281341311300379e-02
-5.141074934604743935e-02
-5.140869559931720428e-02
-5.140665212132061734e-02
-5.140461886071401310e-02
-5.140259576641044437e-02
-5.140058278757839161e-02
-5.139857987364050002e-02
-5.139658697427229583e-02
-5.139460403940093736e-02
-5.139263101920393123e-02
-5.139066786410791121e-02
-5.138871452478736834e-02
-5.138677095216342972e-02
-5.138483709740260946e-02
-5.138291291191559446e-02
-5.138099834735601612e-02
-5.137909335561923613e-02
-5.137719788884113903e-02
-5.137531189939693183e-02
-5.137343533989995048e-02
-5.137156816320045255e-02
-5.136971032238445145e-02
-5.136786177077252991e-02
-5.136602246191866727e-02
-5.136419234960907382e-02
-5.136237138786103190e-02
-5.136055953092172333e-02
-5.135875673326711216e-02
-5.135696294960077901e-02
-5.135517813485277611e-02
-5.135340224417851013e-02
-5.135163523295761812e-02
-5.134987705679282949e-02
-5.134812767150886276e-02
-5.134638703315131530e-02
-5.134465509798556010e-02
-5.134293182249563547e-02
-5.134121716338315572e-02
-5.133951107756624249e-02
-5.133781352217841459e-02
-5.133612445456751938e-02
-5.133444383229468500e-02
-5.133277161313321013e-02
-5.133110775506754403e-02
-5.132945221629220400e-02
-5.132780495521074154e-02
-5.132616593043468761e-02
-5.132453510078251180e-02
-5.132291242527860231e-02
-5.132129786315221126e-02
-5.131969137383644852e-02
-5.131809291696726866e-02
-5.131650245238243008e-02
-5.131491994012051666e-02
-5.131334534041991080e-02
-5.131177861371780807e-02
-5.131021972064921804e-02
-5.130866862204597201e-02
-5.130712527893574459e-02
-5.130558965254106846e-02
-5.130406170427836282e-02
-5.130254139575696898e-02
-5.130102868877818578e-02
-5.129952354533429820e-02
-5.129802592760762669e-02
-5.129653579796959045e-02
-5.129505311897974290e-02
-5.129357785338484188e-02
-5.129210996411791984e-02
-5.129064941429733321e-02
-5.128919616722584646e-02
-5.128775018638971617e-02
-5.128631143545776816e-02
-5.128487987828048156e-02
-5.128345547888907979e-02
-5.128203820149463549e-02
-5.128062801048716146e-02
-5.127922487043472255e-02
-5.127782874608254743e-02
-5.127643960235213350e-02
-5.127505740434037257e-02
-5.127368211731866965e-02
-5.127231370673207556e-02
-5.127095213819841263e-02
-5.126959737750742124e-02
-5.126824939061988551e-02
-5.126690814366678672e-02
-5.126557360294844989e-02
-5.126424573493371106e-02
-5.126292450625904301e-02
-5.126160988372775035e-02
-5.126030183430910908e-02
-5.125900032513756172e-02
-5.125770532351187070e-02
-5.125641679689431351e-02
-5.125513471290984308e-02
-5.125385903934529669e-02
-5.125258974414857033e-02
-5.125132679542782760e-02
-5.125007016145068789e-02
-5.124881981064343534e-02
-5.124757571159022085e-02
-5.124633783303227108e-02
-5.124510614386711127e-02
-5.124388061314777421e-02
-5.124266121008203695e-02
-5.124144790403162980e-02
-5.124024066451147302e-02
-5.123903946118891356e-02
-5.123784426388296870e-02
-5.123665504256355585e-02
-5.123547176735073622e-02
-5.123429440851397926e-02
-5.123312293647140636e-02
-5.123195732178904838e-02
-5.123079753518010315e-02
-5.122964354750420002e-02
-5.122849532976667813e-02
-5.122735285311784403e-02
-5.122621608885225691e-02
-5.122508500840799311e-02
-5.122395958336595223e-02
-5.122283978544912159e-02
-5.122172558652187541e-02
-5.122061695858926705e-02
-5.121951387379632126e-02
-5.121841630442734022e-02
-5.121732422290520281e-02
-5.121623760179067758e-02
-5.121515641378172196e-02
-5.121408063171281611e-02
-5.121301022855425517e-02
-5.121194517741148311e-02
-5.121088545152442661e-02
-5.120983102426680117e-02
-5.120878186914546576e-02
-5.120773795979973592e-02
-5.120669927000073840e-02
-5.120566577365073813e-02
-5.120463744478248591e-02
-5.120361425755857315e-02
-5.120259618627077958e-02
-5.120158320533942792e-02
-5.120057528931273166e-02
-5.119957241286617056e-02
-5.119857455080183833e-02
-5.119758167804783211e-02
-5.119659376965759318e-02
-5.119561080080930332e-02
-5.119463274680525339e-02
-5.119365958307122572e-02
-5.119269128515586964e-02
-5.119172782873009087e-02
-5.119076918958644085e-02
-5.118981534363850616e-02
-5.118886626692031178e-02
-5.118792193558571041e-02
-5.118698232590777886e-02
-5.118604741427824206e-02
-5.118511717720684862e-02
-5.118419159132081564e-02
-5.118327063336421123e-02
-5.118235428019739242e-02
-5.118144250879640839e-02
-5.118053529625242459e-02
-5.117963261977116068e-02
-5.117873445667230764e-02
-5.117784078438894491e-02
-5.117695158046699916e-02
-5.117606682256466144e-02
-5.117518648845183898e-02
-5.117431055600957929e-02
-5.117343900322952888e-02
-5.117257180821337820e-02
-5.117170894917231344e-02
-5.117085040442645449e-02
-5.116999615240432064e-02
-5.116914617164229628e-02
-5.116830044078408274e-02
-5.116745893858016397e-02
-5.116662164388726536e-02
-5.116578853566782631e-02
-5.116495959298948681e-02
-5.116413479502453926e-02
-5.116331412104941495e-02
-5.116249755044417064e-02
-5.116168506269194727e-02
-5.116087663737848429e-02
-5.116007225419159227e-02
-5.115927189292063249e-02
-5.115847553345603121e-02
-5.115768315578875236e-02
-5.115689474000981174e-02
-5.115611026630976360e-02
-5.115532971497821491e-02
-5.115455306640332572e-02
-5.115378030107130963e-02
-5.115301139956595494e-02
-5.115224634256812508e-02
-5.115148511085528676e-02
-5.115072768530101038e-02
-5.114997404687450511e-02
-5.114922417664013315e-02
-5.114847805575693102e-02
-5.114773566547814454e-02
-5.114699698715075710e-02
-5.114626200221500385e-02
-5.114553069220392767e-02
-5.114480303874290729e-02
-5.114407902354919239e-02
-5.114335862843144564e-02
-5.114264183528929170e-02
-5.114192862611284529e-02
-5.114121898298228108e-02
-5.114051288806736872e-02
-5.113981032362702878e-02
-5.113911127200889556e-02
-5.113841571564885224e-02
-5.113772363707060759e-02
-5.113703501888525182e-02
-5.113634984379082649e-02
-5.113566809457187334e-02
-5.113498975409901115e-02
-5.113431480532851930e-02
-5.113364323130187988e-02
-5.113297501514536825e-02
-5.113231014006964364e-02
-5.113164858936929819e-02
-5.113099034642245438e-02
-5.113033539469034189e-02
-5.112968371771688808e-02
-5.112903529912830175e-02
-5.112839012263266369e-02
-5.112774817201950345e-02
-5.112710943115940376e-02
-5.112647388400360510e-02
-5.112584151458358928e-02
-5.112521230701067010e-02
-5.112458624547561864e-02
-5.112396331424823998e-02
-5.112334349767699848e-02
-5.112272678018861538e-02
-5.112211314628767322e-02
-5.112150258055623425e-02
-5.112089506765345182e-02
-5.112029059231518180e-02
-5.111968913935360792e-02
-5.111909069365683927e-02
-5.111849524018855645e-02
-5.111790276398761601e-02
-5.111731325016767580e-02
-5.111672668391683411e-02
-5.111614305049724805e-02
-5.111556233524475884e-02
-5.111498452356853794e-02
-5.111440960095069846e-02
-5.111383755294594822e-02
-5.111326836518121502e-02
-5.111270202335530671e-02
-5.111213851323852947e-02
-5.111157782067233396e-02
-5.111101993156897533e-02
-5.111046483191113154e-02
-5.110991250775157729e-02
-5.110936294521281620e-02
-5.110881613048675470e-02
-5.110827204983432043e-02
-5.110773068958514992e-02
-5.110719203613722089e-02
-5.110665607595653304e-02
-5.110612279557674720e-02
-5.110559218159886619e-02
-5.110506422069087396e-02
-5.110453889958741641e-02
-5.110401620508948223e-02
-5.110349612406403508e-02
-5.110297864344371527e-02
-5.110246375022649973e-02
-5.110195143147536895e-02
-5.110144167431799472e-02
-5.110093446594640709e-02
-5.110042979361667514e-02
-5.109992764464859477e-02
-5.109942800642534866e-02
-5.109893086639322179e-02
-5.109843621206125452e-02
-5.109794403100095112e-02
-5.109745431084594669e-02
-5.109696703929171580e-02
-5.109648220409526015e-02
-5.109599979307478251e-02
-5.109551979410940914e-02
-5.109504219513886364e-02
-5.109456698416316861e-02
-5.109409414924235421e-02
-5.109362367849614589e-02
-5.109315556010366605e-02
-5.109268978230314950e-02
-5.109222633339163128e-02
-5.109176520172467595e-02
-5.109130637571605155e-02
-5.109084984383747280e-02
-5.109039559461828889e-02
-5.108994361664519895e-02
-5.108949389856197454e-02
-5.108904642906916121e-02
-5.108860119692381491e-02
-5.108815819093919658e-02
-5.108771739998450162e-02
-5.108727881298458229e-02
-5.108684241891965627e-02
-5.108640820682505690e-02
-5.108597616579093476e-02
-5.108554628496198013e-02
-5.108511855353717324e-02
-5.108469296076948579e-02
-5.108426949596563821e-02
-5.108384814848580813e-02
-5.108342890774338063e-02
-5.108301176320466375e-02
-5.108259670438863864e-02
-5.108218372086669595e-02
-5.108177280226236516e-02
-5.108136393825105093e-02
-5.108095711855979715e-02
-5.108055233296699554e-02
-5.108014957130216360e-02
-5.107974882344565315e-02
-5.107935007932842830e-02
-5.107895332893178791e-02
-5.107855856228712965e-02
-5.107816576947569326e-02
-5.107777494062831769e-02
-5.107738606592517744e-02
-5.107699913559555355e-02
-5.107661413991757687e-02
-5.107623106921799216e-02
-5.107584991387190132e-02
-5.107547066430254135e-02
-5.107509331098102762e-02
-5.107471784442612489e-02
-5.107434425520399751e-02
-5.107397253392798042e-02
-5.107360267125834324e-02
-5.107323465790205436e-02
-5.107286848461254497e-02
-5.107250414218948015e-02
-5.107214162147852982e-02
-5.107178091337113979e-02
-5.107142200880428196e-02
-5.107106489876026001e-02
-5.107070957426645963e-02
-5.107035602639512645e-02
-5.107000424626315094e-02
-5.106965422503183250e-02
-5.106930595390667127e-02
-5.106895942413713918e-02
-5.106861462701645094e-02
-5.106827155388136974e-02
-5.106793019611196444e-02
-5.106759054513140134e-02
-5.106725259240574299e-02
-5.106691632944371229e-02
-5.106658174779649118e-02
-5.106624883905750562e-02
-5.106591759486221738e-02
-5.106558800688790895e-02
-5.106526006685346841e-02
-5.106493376651920213e-02
-5.106460909768660572e-02
-5.106428605219816980e-02
-5.106396462193717872e-02
-5.106364479882749552e-02
-5.106332657483336063e-02
-5.106300994195919069e-02
-5.106269489224939812e-02
-5.106238141778814826e-02
-5.106206951069920674e-02
-5.106175916314571045e-02
-5.106145036732998022e-02
-5.106114311549333346e-02
-5.106083739991586906e-02
-5.106053321291628699e-02
-5.106023054685170787e-02
-5.105992939411745091e-02
-5.105962974714686048e-02
-5.105933159841112567e-02
-5.105903494041907215e-02
-5.105873976571697476e-02
-5.105844606688839105e-02
-5.105815383655394613e-02
-5.105786306737117308e-02
-5.105757375203431869e-02
-5.105728588327414913e-02
-5.105699945385777649e-02
-5.105671445658848534e-02
-5.105643088430554533e-02
-5.105614872988401692e-02
-5.105586798623459877e-02
-5.105558864630342641e-02
-5.105531070307190583e-02
-5.105503414955654684e-02
-5.105475897880876190e-02
-5.105448518391472040e-02
-5.105421275799514741e-02
-5.105394169420517103e-02
-5.105367198573414200e-02
-5.105340362580547409e-02
-5.105313660767644979e-02
-5.105287092463806770e-02
-5.105260657001487595e-02
-5.105234353716479878e-02
-5.105208181947897689e-02
-5.105182141038158011e-02
-5.105156230332967560e-02
-5.105130449181302654e-02
-5.105104796935396039e-02
-5.105079272950718838e-02
-5.105053876585965295e-02
-5.105028607203035418e-02
-5.105003464167020416e-02
-5.104978446846185347e-02
-5.104953554611954547e-02
-5.104928786838894977e-02
-5.104904142904700265e-02
-5.104879622190176824e-02
-5.104855224079225817e-02
-5.104830947958829968e-02
-5.104806793219035521e-02
-5.104782759252940449e-02
-5.104758845456675714e-02
-5.104735051229392084e-02
-5.104711375973244869e-02
-5.104687819093378653e-02
-5.104664379997912033e-02
-5.104641058097922346e-02
-5.104617852807432493e-02
-5.104594763543395669e-02
-5.104571789725678710e-02
-5.104548930777050297e-02
-5.104526186123164999e-02
-5.104503555192549391e-02
-5.104481037416586792e-02
-5.104458632229504078e-02
-5.104436339068356421e-02
-5.104414157373014793e-02
-5.104392086586150012e-02
-5.104370126153219556e-02
-5.104348275522453682e-02
-5.104326534144841554e-02
-5.104304901474117362e-02
-5.104283376966746444e-02
-5.104261960081912797e-02
-5.104240650281503117e-02
-5.104219447030095697e-02
-5.104198349794945161e-02
-5.104177358045970669e-02
-5.104156471255740651e-02
-5.104135688899461704e-02
-5.104115010454964713e-02
-5.104094435402689589e-02
-5.104073963225676247e-02
-5.104053593409547951e-02
-5.104033325442500213e-02
-5.104013158815287610e-02
-5.103993093021211291e-02
-5.103973127556105105e-02
-5.103953261918324491e-02
-5.103933495608732607e-02
-5.103913828130689223e-02
-5.103894258990035460e-02
-5.103874787695085458e-02
-5.103855413756609727e-02
-5.103836136687826819e-02
-5.103816956004387367e-02
-5.103797871224365762e-02
-5.103778881868244188e-02
-5.103759987458902914e-02
-5.103741187521608491e-02
-5.103722481584000575e-02
-5.103703869176080821e-02
-5.103685349830200391e-02
-5.103666923081049550e-02
-5.103648588465644481e-02
-5.103630345523316181e-02
-5.103612193795699359e-02
-5.103594132826720642e-02
-5.103576162162586777e-02
-5.103558281351773529e-02
-5.103540489945014580e-02
-5.103522787495289731e-02
-5.103505173557813107e-02
-5.103487647690024137e-02
-5.103470209451573675e-02
-5.103452858404315673e-02
-5.103435594112293999e-02
-5.103418416141732722e-02
-5.103401324061024313e-02
-5.103384317440719242e-02
-5.103367395853515565e-02
-5.103350558874247822e-02
-5.103333806079876633e-02
-5.103317137049477592e-02
-5.103300551364230164e-02
-5.103284048607408668e-02
-5.103267628364371866e-02
-5.103251290222549780e-02
-5.103235033771436752e-02
-5.103218858602579650e-02
-5.103202764309566764e-02
-5.103186750488018786e-02
-5.103170816735578402e-02
-5.103154962651900578e-02
-5.103139187838640761e-02
-5.103123491899447250e-02
-5.103107874439950092e-02
-5.103092335067750673e-02
-5.103076873392412005e-02
-5.103061489025449704e-02
-5.103046181580322277e-02
-5.103030950672420712e-02
-5.103015795919058767e-02
-5.103000716939463249e-02
-5.102985713354765696e-02
-5.102970784787991959e-02
-5.102955930864051803e-02
-5.102941151209731269e-02
-5.102926445453682958e-02
-5.102911813226414239e-02
-5.102897254160282392e-02
-5.102882767889480725e-02
-5.102868354050033028e-02
-5.102854012279783164e-02
-5.102839742218383962e-02
-5.102825543507292366e-02
-5.102811415789756250e-02
-5.102797358710807474e-02
-5.102783371917253563e-02
-5.102769455057667297e-02
-5.102755607782379077e-02
-5.102741829743467211e-02
-5.102728120594749589e-02
-5.102714479991776048e-02
-5.102700907591817270e-02
-5.102687403053857845e-02
-5.102673966038588638e-02
-5.102660596208395682e-02
-5.102647293227353942e-02
-5.102634056761216896e-02
-5.102620886477410994e-02
-5.102607782045023854e-02
-5.102594743134798716e-02
-5.102581769419124724e-02
-5.102568860572029297e-02
-5.102556016269169104e-02
-5.102543236187823128e-02
-5.102530520006884340e-02
-5.102517867406849983e-02
-5.102505278069816019e-02
-5.102492751679466726e-02
-5.102480287921069141e-02
-5.102467886481464043e-02
-5.102455547049056933e-02
-5.102443269313811786e-02
-5.102431052967242725e-02
-5.102418897702406392e-02
-5.102406803213894310e-02
-5.102394769197824559e-02
-5.102382795351835532e-02
-5.102370881375076217e-02
-5.102359026968200650e-02
-5.102347231833359587e-02
-5.102335495674192867e-02
-5.102323818195821786e-02
-5.102312199104842849e-02
-5.102300638109318748e-02
-5.102289134918772118e-02
-5.102277689244178599e-02
-5.102266300797957815e-02
-5.102254969293967823e-02
-5.102243694447498173e-02
-5.102232475975260889e-02
-5.102221313595384916e-02
-5.102210207027407796e-02
-5.102199155992270807e-02
-5.102188160212309254e-02
-5.102177219411247605e-02
-5.102166333314191171e-02
-5.102155501647620550e-02
-5.102144724139382609e-02
-5.102134000518685625e-02
-5.102123330516092348e-02
-5.102112713863511673e-02
-5.102102150294193783e-02
-5.102091639542722518e-02
-5.102081181345009125e-02
-5.102070775438283939e-02
-5.102060421561092213e-02
-5.102050119453286486e-02
-5.102039868856020344e-02
-5.102029669511740084e-02
-5.102019521164181254e-02
-5.102009423558360318e-02
-5.101999376440568418e-02
-5.101989379558365817e-02
-5.101979432660574271e-02
-5.101969535497271474e-02
-5.101959687819784817e-02
-5.101949889380685832e-02
-5.101940139933782564e-02
-5.101930439234113324e-02
-5.101920787037942523e-02
-5.101911183102753045e-02
-5.101901627187239302e-02
-5.101892119051303076e-02
-5.101882658456046576e-02
-5.101873245163766196e-02
-5.101863878937947655e-02
-5.101854559543257672e-02
-5.101845286745541191e-02
-5.101836060311813748e-02
-5.101826880010254528e-02
-5.101817745610203597e-02
-5.101808656882152876e-02
-5.101799613597741978e-02
-5.101790615529753353e-02
-5.101781662452104654e-02
-5.101772754139843880e-02
-5.101763890369144516e-02
-5.101755070917298601e-02
-5.101746295562711864e-02
-5.101737564084898174e-02
-5.101728876264473994e-02
-5.101720231883151435e-02
-5.101711630723735486e-02
-5.101703072570117070e-02
-5.101694557207266806e-02
-5.101686084421230144e-02
-5.101677653999123901e-02
-5.101669265729128627e-02
-5.101660919400483052e-02
-5.101652614803480618e-02
-5.101644351729463234e-02
-5.101636129970815725e-02
-5.101627949320961669e-02
-5.101619809574357151e-02
-5.101611710526485211e-02
-5.101603651973853071e-02
-5.101595633713983807e-02
-5.101587655545413574e-02
-5.101579717267686748e-02
-5.101571818681348292e-02
-5.101563959587941677e-02
-5.101556139790001942e-02
-5.101548359091052226e-02
-5.101540617295596824e-02
-5.101532914209119113e-02
-5.101525249638073217e-02
-5.101517623389882627e-02
-5.101510035272933258e-02
-5.101502485096568590e-02
-5.101494972671085509e-02
-5.101487497807730143e-02
-5.101480060318691612e-02
-5.101472660017097871e-02
-5.101465296717012238e-02
-5.101457970233427147e-02
-5.101450680382259989e-02
-5.101443426980348944e-02
-5.101436209845447434e-02
-5.101429028796219955e-02
-5.101421883652238615e-02
-5.101414774233977573e-02
-5.101407700362807496e-02
-5.101400661860993474e-02
-5.101393658551688776e-02
-5.101386690258929990e-02
-5.101379756807635640e-02
-5.101372858023597162e-02
-5.101365993733478904e-02
-5.101359163764811189e-02
-5.101352367945986843e-02
-5.101345606106257036e-02
-5.101338878075725725e-02
-5.101332183685346883e-02
-5.101325522766920334e-02
-5.101318895153085509e-02
-5.101312300677320055e-02
-5.101305739173933596e-02
-5.101299210478064255e-02
-5.101292714425673808e-02
-5.101286250853545590e-02
-5.101279819599277565e-02
-5.101273420501280936e-02
-5.101267053398774592e-02
-5.101260718131780947e-02
-5.101254414541121773e-02
-5.101248142468416125e-02
-5.101241901756074087e-02
-5.101235692247294007e-02
-5.101229513786057629e-02
-5.101223366217127325e-02
-5.101217249386041930e-02
-5.101211163139111882e-02
-5.101205107323416449e-02
-5.101199081786799566e-02
-5.101193086377865671e-02
-5.101187120945976233e-02
-5.101181185341246288e-02
-5.101175279414540270e-02
-5.101169403017467852e-02
-5.101163556002380473e-02
-5.101157738222368565e-02
-5.101151949531256696e-02
-5.101146189783600099e-02
-5.101140458834681896e-02
-5.101134756540508242e-02
-5.101129082757805550e-02
-5.101123437344016326e-02
-5.101117820157296395e-02
-5.101112231056510044e-02
-5.101106669901227242e-02
-5.101101136551720872e-02
-5.101095630868962560e-02
-5.101090152714617826e-02
-5.101084701951044686e-02
-5.101079278441289500e-02
-5.101073882049082797e-02
-5.101068512638837205e-02
-5.101063170075643277e-02
-5.101057854225265337e-02
-5.101052564954138696e-02
-5.101047302129368272e-02
-5.101042065618721644e-02
-5.101036855290628363e-02
-5.101031671014175095e-02
-5.101026512659104228e-02
-5.101021380095809021e-02
-5.101016273195330131e-02
-5.101011191829353530e-02
-5.101006135870207042e-02
-5.101001105190856172e-02
-5.100996099664902028e-02
-5.100991119166577853e-02
-5.100986163570744858e-02
-5.100981232752890837e-02
-5.100976326589126697e-02
-5.100971444956180906e-02
-5.100966587731400187e-02
-5.100961754792743275e-02
-5.100956946018779525e-02
-5.100952161288685449e-02
-5.100947400482241934e-02
-5.100942663479830774e-02
-5.100937950162431900e-02
-5.100933260411619902e-02
-5.100928594109561953e-02
-5.100923951139014340e-02
-5.100919331383318989e-02
-5.100914734726402083e-02
-5.100910161052769898e-02
-5.100905610247506022e-02
-5.100901082196268588e-02
-5.100896576785287490e-02
-5.100892093901360919e-02
-5.100887633431853974e-02
-5.100883195264694497e-02
-5.100878779288370996e-02
-5.100874385391929167e-02
-5.100870013464969821e-02
-5.100865663397644717e-02
-5.100861335080656561e-02
-5.100857028405253457e-02
-5.100852743263227518e-02
-5.100848479546911396e-02
-5.100844237149176896e-02
-5.100840015963430812e-02
-5.100835815883613539e-02
-5.100831636804195601e-02
-5.100827478620174882e-02
-5.100823341227073843e-02
-5.100819224520938139e-02
-5.100815128398333148e-02
-5.100811052756341196e-02
-5.100806997492559475e-02
-5.100802962505096572e-02
-5.100798947692571084e-02
-5.100794952954108147e-02
-5.100790978189337355e-02
-5.100787023298390677e-02
-5.100783088181898989e-02
-5.100779172740989298e-02
-5.100775276877284048e-02
-5.100771400492897650e-02
-5.100767543490433015e-02
-5.100763705772980855e-02
-5.100759887244116220e-02
-5.100756087807895717e-02
