-6.492250000000000798e-02
-6.484538750000000407e-02
-6.476866056250001058e-02
-6.469231725968750679e-02
-6.461635567338906705e-02
-6.454077389502212159e-02
-6.446557002554700877e-02
-6.439074217541927714e-02
-6.431628846454218174e-02
-6.424220702221947188e-02
-6.416849598710837321e-02
-6.409515350717283344e-02
-6.402217773963697622e-02
-6.394956685093879101e-02
-6.387731901668410039e-02
-6.380543242160068018e-02
-6.373390525949267083e-02
-6.366273573319521095e-02
-6.359192205452923741e-02
-6.352146244425659061e-02
-6.345135513203531419e-02
-6.338159835637513506e-02
-6.331219036459326266e-02
-6.324312941277029920e-02
-6.317441376570644140e-02
-6.310604169687790421e-02
-6.303801148839351109e-02
-6.297032143095154799e-02
-6.290296982379678381e-02
-6.283595497467779623e-02
-6.276927519980440850e-02
-6.270292882380539001e-02
-6.263691417968636488e-02
-6.257122960878792883e-02
-6.250587346074398809e-02
-6.244084409344026476e-02
-6.237613987297306595e-02
-6.231175917360819855e-02
-6.224770037774015469e-02
-6.218396187585145674e-02
-6.212054206647219662e-02
-6.205743935613983880e-02
-6.199465215935914125e-02
-6.193217889856234698e-02
-6.187001800406953522e-02
-6.180816791404918770e-02
-6.174662707447894222e-02
-6.168539393910654756e-02
-6.162446696941101254e-02
-6.156384463456395645e-02
-6.150352541139113977e-02
-6.144350778433418231e-02
-6.138379024541251033e-02
-6.132437129418544935e-02
-6.126524943771452514e-02
-6.120642319052595204e-02
-6.114789107457332257e-02
-6.108965161920045656e-02
-6.103170336110445154e-02
-6.097404484429892746e-02
-6.091667462007743089e-02
-6.085959124697704059e-02
-6.080279329074215339e-02
-6.074627932428844357e-02
-6.069004792766700268e-02
-6.063409768802866667e-02
-6.057842719958852346e-02
-6.052303506359058005e-02
-6.046791988827262404e-02
-6.041308028883125847e-02
-6.035851488738710330e-02
-6.030422231295017033e-02
-6.025020120138541851e-02
-6.019645019537848973e-02
-6.014296794440159716e-02
-6.008975310467958714e-02
-6.003680433915618841e-02
-5.998412031746040707e-02
-5.993169971587310185e-02
-5.987954121729373302e-02
-5.982764351120726382e-02
-5.977600529365122844e-02
-5.972462526718297360e-02
-5.967350214084705951e-02
-5.962263463014282755e-02
-5.957202145699211360e-02
-5.952166134970715561e-02
-5.947155304295861922e-02
-5.942169527774382454e-02
-5.937208680135510480e-02
-5.932272636734833154e-02
-5.927361273551159243e-02
-5.922474467183403563e-02
-5.917612094847486681e-02
-5.912774034373249193e-02
-5.907960164201382647e-02
-5.903170363380375735e-02
-5.898404511563473673e-02
-5.893662489005656313e-02
-5.888944176560628047e-02
-5.884249455677825064e-02
-5.879578208399435790e-02
-5.874930317357438675e-02
-5.870305665770651771e-02
-5.865704137441798277e-02
-5.861125616754589429e-02
-5.856569988670816407e-02
-5.852037138727462368e-02
-5.847526953033824887e-02
-5.843039318268655746e-02
-5.838574121677312517e-02
-5.834131251068926105e-02
-5.829710594813581476e-02
-5.825312041839513649e-02
-5.820935481630316183e-02
-5.816580804222164919e-02
-5.812247900201054224e-02
-5.807936660700049186e-02
-5.803646977396548917e-02
-5.799378742509566503e-02
-5.795131848797018675e-02
-5.790906189553033517e-02
-5.786701658605268583e-02
-5.782518150312242200e-02
-5.778355559560680726e-02
-5.774213781762877612e-02
-5.770092712854063555e-02
-5.765992249289793314e-02
-5.761912288043344321e-02
-5.757852726603127774e-02
-5.753813462970112230e-02
-5.749794395655261764e-02
-5.745795423676985231e-02
-5.741816446558600101e-02
-5.737857364325807397e-02
-5.733918077504178423e-02
-5.729998487116657463e-02
-5.726098494681074180e-02
-5.722218002207668519e-02
-5.718356912196630171e-02
-5.714515127635647063e-02
-5.710692551997469113e-02
-5.706889089237481699e-02
-5.703104643791294392e-02
-5.699339120572338019e-02
-5.695592424969476292e-02
-5.691864462844629241e-02
-5.688155140530406356e-02
-5.684464364827754301e-02
-5.680792043003615732e-02
-5.677138082788597828e-02
-5.673502392374654701e-02
-5.669884880412781603e-02
-5.666285456010717453e-02
-5.662704028730664030e-02
-5.659140508587010704e-02
-5.655594806044075828e-02
-5.652066832013855763e-02
-5.648556497853786384e-02
-5.645063715364517787e-02
-5.641588396787695220e-02
-5.638130454803756686e-02
-5.634689802529738167e-02
-5.631266353517089263e-02
-5.627860021749504088e-02
-5.624470721640756343e-02
-5.621098368032552417e-02
-5.617742876192389351e-02
-5.614404161811427374e-02
-5.611082141002370072e-02
-5.607776730297358431e-02
-5.604487846645871824e-02
-5.601215407412642178e-02
-5.597959330375579245e-02
-5.594719533723701427e-02
-5.591495936055083243e-02
-5.588288456374807672e-02
-5.585097014092933743e-02
-5.581921529022468992e-02
-5.578761921377356492e-02
-5.575618111770469509e-02
-5.572490021211617267e-02
-5.569377571105559033e-02
-5.566280683250031391e-02
-5.563199279833781069e-02
-5.560133283434612328e-02
-5.557082617017439219e-02
-5.554047203932351712e-02
-5.551026967912690152e-02
-5.548021833073126657e-02
-5.545031723907761084e-02
-5.542056565288222547e-02
-5.539096282461781345e-02
-5.536150801049472686e-02
-5.533220047044225265e-02
-5.530303946809004417e-02
-5.527402427074959435e-02
-5.524515414939584756e-02
-5.521642837864886716e-02
-5.518784623675562079e-02
-5.515940700557184218e-02
-5.513110997054398305e-02
-5.510295442069126221e-02
-5.507493964858780483e-02
-5.504706495034486502e-02
-5.501932962559313856e-02
-5.499173297746517280e-02
-5.496427431257784602e-02
-5.493695294101495763e-02
-5.490976817630988105e-02
-5.488271933542833436e-02
-5.485580573875119270e-02
-5.482902671005743939e-02
-5.480238157650715175e-02
-5.477586966862461881e-02
-5.474949032028149365e-02
-5.472324286868008453e-02
-5.469712665433668075e-02
-5.467114102106499646e-02
-5.464528531595966993e-02
-5.461955888937987391e-02
-5.459396109493297455e-02
-5.456849128945830824e-02
-5.454314883301101397e-02
-5.451793308884595596e-02
-5.449284342340172949e-02
-5.446787920628472224e-02
-5.444303981025330058e-02
-5.441832461120203746e-02
-5.439373298814603047e-02
-5.436926432320530328e-02
-5.434491800158927632e-02
-5.432069341158132780e-02
-5.429658994452342402e-02
-5.427260699480080525e-02
-5.424874395982680342e-02
-5.422500024002766678e-02
-5.420137523882753022e-02
-5.417786836263339262e-02
-5.415447902082022591e-02
-5.413120662571612590e-02
-5.410805059258754629e-02
-5.408501033962460902e-02
-5.406208528792648405e-02
-5.403927486148685233e-02
-5.401657848717941746e-02
-5.399399559474352128e-02
-5.397152561676980126e-02
-5.394916798868595181e-02
-5.392692214874252044e-02
-5.390478753799880784e-02
-5.388276360030881673e-02
-5.386084978230726988e-02
-5.383904553339573240e-02
-5.381735030572875472e-02
-5.379576355420011280e-02
-5.377428473642911072e-02
-5.375291331274696660e-02
-5.373164874618323317e-02
-5.371049050245231549e-02
-5.368943804994005115e-02
-5.366849085969035288e-02
-5.364764840539189977e-02
-5.362691016336493949e-02
-5.360627561254811824e-02
-5.358574423448538016e-02
-5.356531551331294994e-02
-5.354498893574638485e-02
-5.352476399106765453e-02
-5.350464017111231790e-02
-5.348461697025675560e-02
-5.346469388540547180e-02
-5.344487041597844462e-02
-5.342514606389855286e-02
-5.340552033357905820e-02
-5.338599273191116379e-02
-5.336656276825160750e-02
-5.334722995441035232e-02
-5.332799380463829758e-02
-5.330885383561510815e-02
-5.328980956643702971e-02
-5.327086051860484284e-02
-5.325200621601181711e-02
-5.323324618493175536e-02
-5.321457995400709351e-02
-5.319600705423705583e-02
-5.317752701896587275e-02
-5.315913938387104021e-02
-5.314084368695168314e-02
-5.312263946851692592e-02
-5.310452627117433905e-02
-5.308650363981846920e-02
-5.306857112161937617e-02
-5.305072826601128083e-02
-5.303297462468122697e-02
-5.301530975155781950e-02
-5.299773320280003197e-02
-5.298024453678603501e-02
-5.296284331410210794e-02
-5.294552909753159897e-02
-5.292830145204394099e-02
-5.291115994478372275e-02
-5.289410414505980179e-02
-5.287713362433450054e-02
-5.286024795621283023e-02
-5.284344671643176339e-02
-5.282672948284960340e-02
-5.281009583543535418e-02
-5.279354535625817996e-02
-5.277707762947688591e-02
-5.276069224132950292e-02
-5.274438878012285836e-02
-5.272816683622224415e-02
-5.271202600204113325e-02
-5.269596587203093097e-02
-5.267998604267077473e-02
-5.266408611245742416e-02
-5.264826568189513722e-02
-5.263252435348566433e-02
-5.261686173171823550e-02
-5.260127742305964471e-02
-5.258577103594434810e-02
-5.257034218076462456e-02
-5.255499046986079892e-02
-5.253971551751149272e-02
-5.252451693992393755e-02
-5.250939435522431614e-02
-5.249434738344819357e-02
-5.247937564653095549e-02
-5.246447876829830187e-02
-5.244965637445681006e-02
-5.243490809258452567e-02
-5.242023355212160202e-02
-5.240563238436099502e-02
-5.239110422243919291e-02
-5.237664870132699435e-02
-5.236226545782035613e-02
-5.234795413053125457e-02
-5.233371435987859560e-02
-5.231954578807920114e-02
-5.230544805913880241e-02
-5.229142081884310955e-02
-5.227746371474889520e-02
-5.226357639617514733e-02
-5.224975851419427081e-02
-5.223600972162330269e-02
-5.222232967301518314e-02
-5.220871802465010952e-02
-5.219517443452685590e-02
-5.218169856235422427e-02
-5.216829006954245423e-02
-5.215494861919474368e-02
-5.214167387609876941e-02
-5.212846550671827728e-02
-5.211532317918468604e-02
-5.210224656328876075e-02
-5.208923533047231380e-02
-5.207628915381995460e-02
-5.206340770805085311e-02
-5.205059066951060048e-02
-5.203783771616304898e-02
-5.202514852758223507e-02
-5.201252278494432335e-02
-5.199996017101959911e-02
-5.198746037016450244e-02
-5.197502306831368324e-02
-5.196264795297211164e-02
-5.195033471320725099e-02
-5.193808303964121686e-02
-5.192589262444301246e-02
-5.191376316132079866e-02
-5.190169434551419186e-02
-5.188968587378662428e-02
-5.187773744441769030e-02
-5.186584875719560395e-02
-5.185401951340962851e-02
-5.184224941584258256e-02
-5.183053816876336678e-02
-5.181888547791955318e-02
-5.180729105052995359e-02
-5.179575459527730602e-02
-5.178427582230091947e-02
-5.177285444318941582e-02
-5.176149017097347177e-02
-5.175018272011860238e-02
-5.173893180651800705e-02
-5.172773714748541557e-02
-5.171659846174798958e-02
-5.170551546943925186e-02
-5.169448789209205725e-02
-5.168351545263159819e-02
-5.167259787536843813e-02
-5.166173488599159341e-02
-5.165092621156163605e-02
-5.164017158050383111e-02
-5.162947072260130887e-02
-5.161882336898829943e-02
-5.160822925214336027e-02
-5.159768810588264559e-02
-5.158719966535323109e-02
-5.157676366702646648e-02
-5.156637984869133495e-02
-5.155604794944787517e-02
-5.154576770970063782e-02
-5.153553887115213533e-02
-5.152536117679637484e-02
-5.151523437091239110e-02
-5.150515819905782805e-02
-5.149513240806254111e-02
-5.148515674602222730e-02
-5.147523096229211781e-02
-5.146535480748065661e-02
-5.145552803344325549e-02
-5.144575039327604210e-02
-5.143602164130966353e-02
-5.142634153310311762e-02
-5.141670982543760510e-02
-5.140712627631041642e-02
-5.139759064492886720e-02
-5.138810269170421968e-02
-5.137866217824570148e-02
-5.136926886735447562e-02
-5.135992252301770089e-02
-5.135062291040261295e-02
-5.134136979585059851e-02
-5.133216294687134584e-02
-5.132300213213698836e-02
-5.131388712147630371e-02
-5.130481768586891977e-02
-5.129579359743957623e-02
-5.128681462945237912e-02
-5.127788055630511793e-02
-5.126899115352358954e-02
-5.126014619775597081e-02
-5.125134546676719111e-02
-5.124258873943335346e-02
-5.123387579573618344e-02
-5.122520641675750580e-02
-5.121658038467372109e-02
-5.120799748275035174e-02
-5.119945749533660190e-02
-5.119096020785991741e-02
-5.118250540682061506e-02
-5.117409287978651189e-02
-5.116572241538758226e-02
-5.115739380331064262e-02
-5.114910683429409188e-02
-5.114086130012262393e-02
-5.113265699362200961e-02
-5.112449370865389947e-02
-5.111637124011062655e-02
-5.110828938391007159e-02
-5.110024793699052131e-02
-5.109224669730556834e-02
-5.108428546381903884e-02
-5.107636403649994106e-02
-5.106848221631744150e-02
-5.106063980523585510e-02
-5.105283660620967695e-02
-5.104507242317862792e-02
-5.103734706106273500e-02
-5.102966032575741856e-02
-5.102201202412862818e-02
-5.101440196400798543e-02
-5.100682995418794746e-02
-5.099929580441700527e-02
-5.099179932539492366e-02
-5.098434032876794642e-02
-5.097691862712410565e-02
-5.096953403398848254e-02
-5.096218636381853739e-02
-5.095487543199944680e-02
-5.094760105483944757e-02
-5.094036304956525013e-02
-5.093316123431742420e-02
-5.092599542814583991e-02
-5.091886545100510891e-02
-5.091177112375008112e-02
-5.090471226813132744e-02
-5.089768870679067109e-02
-5.089070026325671903e-02
-5.088374676194043489e-02
-5.087682802813073280e-02
-5.086994388799007810e-02
-5.086309416855012977e-02
-5.085627869770737580e-02
-5.084949730421883807e-02
-5.084274981769774243e-02
-5.083603606860925134e-02
-5.082935588826620332e-02
-5.082270910882487336e-02
-5.081609556328074706e-02
-5.080951508546434348e-02
-5.080296751003702399e-02
-5.079645267248683593e-02
-5.078997040912440475e-02
-5.078352055707878454e-02
-5.077710295429339188e-02
-5.077071743952192573e-02
-5.076436385232431514e-02
-5.075804203306269469e-02
-5.075175182289737991e-02
-5.074549306378289132e-02
-5.073926559846397844e-02
-5.073306927047165765e-02
-5.072690392411929872e-02
-5.072076940449870425e-02
-5.071466555747621008e-02
-5.070859222968882724e-02
-5.070254926854038391e-02
-5.069653652219768131e-02
-5.069055383958669114e-02
-5.068460107038876006e-02
-5.067867806503681405e-02
-5.067278467471163228e-02
-5.066692075133807233e-02
-5.066108614758137868e-02
-5.065528071684347045e-02
-5.064950431325924984e-02
-5.064375679169295236e-02
-5.063803800773448993e-02
-5.063234781769581500e-02
-5.062668607860733305e-02
-5.062105264821429446e-02
-5.061544738497322088e-02
-5.060987014804835260e-02
-5.060432079730810967e-02
-5.059879919332156695e-02
-5.059330519735495690e-02
-5.058783867136817936e-02
-5.058239947801133896e-02
-5.057698748062128269e-02
-5.057160254321817899e-02
-5.056624453050208995e-02
-5.056091330784957816e-02
-5.055560874131032750e-02
-5.055033069760377779e-02
-5.054507904411575936e-02
-5.053985364889518328e-02
-5.053465438065071064e-02
-5.052948110874745657e-02
-5.052433370320372208e-02
-5.051921203468770494e-02
-5.051411597451426622e-02
-5.050904539464169674e-02
-5.050400016766849048e-02
-5.049898016683014579e-02
-5.049398526599599424e-02
-5.048901533966601574e-02
-5.048407026296768824e-02
-5.047914991165285137e-02
-5.047425416209458393e-02
-5.046938289128410915e-02
-5.046453597682768605e-02
-5.045971329694354940e-02
-5.045491473045882885e-02
-5.045014015680653746e-02
-5.044538945602250468e-02
-5.044066250874239266e-02
-5.043595919619867779e-02
-5.043127940021768785e-02
-5.042662300321659741e-02
-5.042198988820051353e-02
-5.041737993875951285e-02
-5.041279303906571335e-02
-5.040822907387038782e-02
-5.040368792850103558e-02
-5.039916948885853065e-02
-5.039467364141423517e-02
-5.039020027320716133e-02
-5.038574927184112651e-02
-5.038132052548192213e-02
-5.037691392285451042e-02
-5.037252935324023490e-02
-5.036816670647403099e-02
-5.036382587294165741e-02
-5.035950674357694834e-02
-5.035520920985906562e-02
-5.035093316380977180e-02
-5.034667849799072392e-02
-5.034244510550076740e-02
-5.033823287997326451e-02
-5.033404171557339518e-02
-5.032987150699552714e-02
-5.032572214946055139e-02
-5.032159353871324542e-02
-5.031748557101967806e-02
-5.031339814316457965e-02
-5.030933115244875381e-02
-5.030528449668651009e-02
-5.030125807420307571e-02
-5.029725178383206291e-02
-5.029326552491290153e-02
-5.028929919728833409e-02
-5.028535270130189000e-02
-5.028142593779538067e-02
-5.027751880810640145e-02
-5.027363121406586838e-02
-5.026976305799554096e-02
-5.026591424270556580e-02
-5.026208467149204107e-02
-5.025827424813458094e-02
-5.025448287689390781e-02
-5.025071046250943751e-02
-5.024695691019689242e-02
-5.024322212564590745e-02
-5.023950601501767782e-02
-5.023580848494259288e-02
-5.023212944251787687e-02
-5.022846879530528524e-02
-5.022482645132875928e-02
-5.022120231907211546e-02
-5.021759630747675562e-02
-5.021400832593937019e-02
-5.021043828430967609e-02
-5.020688609288812693e-02
-5.020335166242368558e-02
-5.019983490411156907e-02
-5.019633572959101425e-02
-5.019285405094305735e-02
-5.018938978068834128e-02
-5.018594283178490212e-02
-5.018251311762597644e-02
-5.017910055203784331e-02
-5.017570504927765240e-02
-5.017232652403126603e-02
-5.016896489141110804e-02
-5.016562006695405446e-02
-5.016229196661928236e-02
-5.015898050678618825e-02
-5.015568560425225780e-02
-5.015240717623099809e-02
-5.014914514034984200e-02
-5.014589941464809436e-02
-5.014266991757485720e-02
-5.013945656798698275e-02
-5.013625928514704733e-02
-5.013307798872131127e-02
-5.012991259877770667e-02
-5.012676303578381815e-02
-5.012362922060489834e-02
-5.012051107450187643e-02
-5.011740851912936667e-02
-5.011432147653371860e-02
-5.011124986915105328e-02
-5.010819361980529962e-02
-5.010515265170627230e-02
-5.010212688844774276e-02
-5.009911625400550322e-02
-5.009612067273547242e-02
-5.009314006937179431e-02
-5.009017436902493681e-02
-5.008722349717981137e-02
-5.008428737969391337e-02
-5.008136594279544163e-02
-5.007845911308146658e-02
-5.007556681751605676e-02
-5.007268898342847468e-02
-5.006982553851133111e-02
-5.006697641081877398e-02
-5.006414152876467738e-02
-5.006132082112085130e-02
-5.005851421701524445e-02
-5.005572164593016793e-02
-5.005294303770051884e-02
-5.005017832251201781e-02
-5.004742743089946044e-02
-5.004469029374496170e-02
-5.004196684227623509e-02
-5.003925700806485105e-02
-5.003656072302452990e-02
-5.003387791940940715e-02
-5.003120852981236127e-02
-5.002855248716329972e-02
-5.002590972472747977e-02
-5.002328017610384314e-02
-5.002066377522332297e-02
-5.001806045634720616e-02
-5.001547015406546809e-02
-5.001289280329514197e-02
-5.001032833927866739e-02
-5.000777669758227351e-02
-5.000523781409436236e-02
-5.000271162502389205e-02
-5.000019806689877389e-02
-4.999769707656428336e-02
-6.500000000000000222e-02
-6.500000000000000222e-02
-6.500000000000000222e-02
-6.500000000000000222e-02
-6.500000000000000222e-02
-6.500000000000000222e-02
-6.500000000000000222e-02
-6.500000000000000222e-02
-6.500000000000000222e-02
-6.500000000000000222e-02
-6.500000000000000222e-02
-6.500000000000000222e-02
-6.500000000000000222e-02
-6.500000000000000222e-02
-6.500000000000000222e-02
-6.500000000000000222e-02
-6.500000000000000222e-02
-6.500000000000000222e-02
-6.500000000000000222e-02
-6.500000000000000222e-02
-6.492250000000000798e-02
-6.484538750000000407e-02
-6.476866056250001058e-02
-6.469231725968750679e-02
-6.461635567338906705e-02
-6.454077389502212159e-02
-6.446557002554700877e-02
-6.439074217541927714e-02
-6.431628846454218174e-02
-6.424220702221947188e-02
-6.416849598710837321e-02
-6.409515350717283344e-02
-6.402217773963697622e-02
-6.394956685093879101e-02
-6.387731901668410039e-02
-6.380543242160068018e-02
-6.373390525949267083e-02
-6.366273573319521095e-02
-6.359192205452923741e-02
-6.352146244425659061e-02
-6.345135513203531419e-02
-6.338159835637513506e-02
-6.331219036459326266e-02
-6.324312941277029920e-02
-6.317441376570644140e-02
-6.310604169687790421e-02
-6.303801148839351109e-02
-6.297032143095154799e-02
-6.290296982379678381e-02
-6.283595497467779623e-02
-6.276927519980440850e-02
-6.270292882380539001e-02
-6.263691417968636488e-02
-6.257122960878792883e-02
-6.250587346074398809e-02
-6.244084409344026476e-02
-6.237613987297306595e-02
-6.231175917360819855e-02
-6.224770037774015469e-02
-6.218396187585145674e-02
-6.212054206647219662e-02
-6.205743935613983880e-02
-6.199465215935914125e-02
-6.193217889856234698e-02
-6.187001800406953522e-02
-6.180816791404918770e-02
-6.174662707447894222e-02
-6.168539393910654756e-02
-6.162446696941101254e-02
-6.156384463456395645e-02
-6.150352541139113977e-02
-6.144350778433418231e-02
-6.138379024541251033e-02
-6.132437129418544935e-02
-6.126524943771452514e-02
-6.120642319052595204e-02
-6.114789107457332257e-02
-6.108965161920045656e-02
-6.103170336110445154e-02
-6.097404484429892746e-02
-6.091667462007743089e-02
-6.085959124697704059e-02
-6.080279329074215339e-02
-6.074627932428844357e-02
-6.069004792766700268e-02
-6.063409768802866667e-02
-6.057842719958852346e-02
-6.052303506359058005e-02
-6.046791988827262404e-02
-6.041308028883125847e-02
-6.035851488738710330e-02
-6.030422231295017033e-02
-6.025020120138541851e-02
-6.019645019537848973e-02
-6.014296794440159716e-02
-6.008975310467958714e-02
-6.003680433915618841e-02
-5.998412031746040707e-02
-5.993169971587310185e-02
-5.987954121729373302e-02
-5.982764351120726382e-02
-5.977600529365122844e-02
-5.972462526718297360e-02
-5.967350214084705951e-02
-5.962263463014282755e-02
-5.957202145699211360e-02
-5.952166134970715561e-02
-5.947155304295861922e-02
-5.942169527774382454e-02
-5.937208680135510480e-02
-5.932272636734833154e-02
-5.927361273551159243e-02
-5.922474467183403563e-02
-5.917612094847486681e-02
-5.912774034373249193e-02
-5.907960164201382647e-02
-5.903170363380375735e-02
-5.898404511563473673e-02
-5.893662489005656313e-02
-5.888944176560628047e-02
-5.884249455677825064e-02
-5.879578208399435790e-02
-5.874930317357438675e-02
-5.870305665770651771e-02
-5.865704137441798277e-02
-5.861125616754589429e-02
-5.856569988670816407e-02
-5.852037138727462368e-02
-5.847526953033824887e-02
-5.843039318268655746e-02
-5.838574121677312517e-02
-5.834131251068926105e-02
-5.829710594813581476e-02
-5.825312041839513649e-02
-5.820935481630316183e-02
-5.816580804222164919e-02
-5.812247900201054224e-02
-5.807936660700049186e-02
-5.803646977396548917e-02
-5.799378742509566503e-02
-5.795131848797018675e-02
-5.790906189553033517e-02
-5.786701658605268583e-02
-5.782518150312242200e-02
-5.778355559560680726e-02
-5.774213781762877612e-02
-5.770092712854063555e-02
-5.765992249289793314e-02
-5.761912288043344321e-02
-5.757852726603127774e-02
-5.753813462970112230e-02
-5.749794395655261764e-02
-5.745795423676985231e-02
-5.741816446558600101e-02
-5.737857364325807397e-02
-5.733918077504178423e-02
-5.729998487116657463e-02
-5.726098494681074180e-02
-5.722218002207668519e-02
-5.718356912196630171e-02
-5.714515127635647063e-02
-5.710692551997469113e-02
-5.706889089237481699e-02
-5.703104643791294392e-02
-5.699339120572338019e-02
-5.695592424969476292e-02
-5.691864462844629241e-02
-5.688155140530406356e-02
-5.684464364827754301e-02
-5.680792043003615732e-02
-5.677138082788597828e-02
-5.673502392374654701e-02
-5.669884880412781603e-02
-5.666285456010717453e-02
-5.662704028730664030e-02
-5.659140508587010704e-02
-5.655594806044075828e-02
-5.652066832013855763e-02
-5.648556497853786384e-02
-5.645063715364517787e-02
-5.641588396787695220e-02
-5.638130454803756686e-02
-5.634689802529738167e-02
-5.631266353517089263e-02
-5.627860021749504088e-02
-5.624470721640756343e-02
-5.621098368032552417e-02
-5.617742876192389351e-02
-5.614404161811427374e-02
-5.611082141002370072e-02
-5.607776730297358431e-02
-5.604487846645871824e-02
-5.601215407412642178e-02
-5.597959330375579245e-02
-5.594719533723701427e-02
-5.591495936055083243e-02
-5.588288456374807672e-02
-5.585097014092933743e-02
-5.581921529022468992e-02
-5.578761921377356492e-02
-5.575618111770469509e-02
-5.572490021211617267e-02
-5.569377571105559033e-02
-5.566280683250031391e-02
-5.563199279833781069e-02
-5.560133283434612328e-02
-5.557082617017439219e-02
-5.554047203932351712e-02
-5.551026967912690152e-02
-5.548021833073126657e-02
-5.545031723907761084e-02
-5.542056565288222547e-02
-5.539096282461781345e-02
-5.536150801049472686e-02
-5.533220047044225265e-02
-5.530303946809004417e-02
-5.527402427074959435e-02
-5.524515414939584756e-02
-5.521642837864886716e-02
-5.518784623675562079e-02
-5.515940700557184218e-02
-5.513110997054398305e-02
-5.510295442069126221e-02
-5.507493964858780483e-02
-5.504706495034486502e-02
-5.501932962559313856e-02
-5.499173297746517280e-02
-5.496427431257784602e-02
-5.493695294101495763e-02
-5.490976817630988105e-02
-5.488271933542833436e-02
-5.485580573875119270e-02
-5.482902671005743939e-02
-5.480238157650715175e-02
-5.477586966862461881e-02
-5.474949032028149365e-02
-5.472324286868008453e-02
-5.469712665433668075e-02
-5.467114102106499646e-02
-5.464528531595966993e-02
-5.461955888937987391e-02
-5.459396109493297455e-02
-5.456849128945830824e-02
-5.454314883301101397e-02
-5.451793308884595596e-02
-5.449284342340172949e-02
-5.446787920628472224e-02
-5.444303981025330058e-02
-5.441832461120203746e-02
-5.439373298814603047e-02
-5.436926432320530328e-02
-5.434491800158927632e-02
-5.432069341158132780e-02
-5.429658994452342402e-02
-5.427260699480080525e-02
-5.424874395982680342e-02
-5.422500024002766678e-02
-5.420137523882753022e-02
-5.417786836263339262e-02
-5.415447902082022591e-02
-5.413120662571612590e-02
-5.410805059258754629e-02
-5.408501033962460902e-02
-5.406208528792648405e-02
-5.403927486148685233e-02
-5.401657848717941746e-02
-5.399399559474352128e-02
-5.397152561676980126e-02
-5.394916798868595181e-02
-5.392692214874252044e-02
-5.390478753799880784e-02
-5.388276360030881673e-02
-5.386084978230726988e-02
-5.383904553339573240e-02
-5.381735030572875472e-02
-5.379576355420011280e-02
-5.377428473642911072e-02
-5.375291331274696660e-02
-5.373164874618323317e-02
-5.371049050245231549e-02
-5.368943804994005115e-02
-5.366849085969035288e-02
-5.364764840539189977e-02
-5.362691016336493949e-02
-5.360627561254811824e-02
-5.358574423448538016e-02
-5.356531551331294994e-02
-5.354498893574638485e-02
-5.352476399106765453e-02
-5.350464017111231790e-02
-5.348461697025675560e-02
-5.346469388540547180e-02
-5.344487041597844462e-02
-5.342514606389855286e-02
-5.340552033357905820e-02
-5.338599273191116379e-02
-5.336656276825160750e-02
-5.334722995441035232e-02
-5.332799380463829758e-02
-5.330885383561510815e-02
-5.328980956643702971e-02
-5.327086051860484284e-02
-5.325200621601181711e-02
-5.323324618493175536e-02
-5.321457995400709351e-02
-5.319600705423705583e-02
-5.317752701896587275e-02
-5.315913938387104021e-02
-5.314084368695168314e-02
-5.312263946851692592e-02
-5.310452627117433905e-02
-5.308650363981846920e-02
-5.306857112161937617e-02
-5.305072826601128083e-02
-5.303297462468122697e-02
-5.301530975155781950e-02
-5.299773320280003197e-02
-5.298024453678603501e-02
-5.296284331410210794e-02
-5.294552909753159897e-02
-5.292830145204394099e-02
-5.291115994478372275e-02
-5.289410414505980179e-02
-5.287713362433450054e-02
-5.286024795621283023e-02
-5.284344671643176339e-02
-5.282672948284960340e-02
-5.281009583543535418e-02
-5.279354535625817996e-02
-5.277707762947688591e-02
-5.276069224132950292e-02
-5.274438878012285836e-02
-5.272816683622224415e-02
-5.271202600204113325e-02
-5.269596587203093097e-02
-5.267998604267077473e-02
-5.266408611245742416e-02
-5.264826568189513722e-02
-5.263252435348566433e-02
-5.261686173171823550e-02
-5.260127742305964471e-02
-5.258577103594434810e-02
-5.257034218076462456e-02
-5.255499046986079892e-02
-5.253971551751149272e-02
-5.252451693992393755e-02
-5.250939435522431614e-02
-5.249434738344819357e-02
-5.247937564653095549e-02
-5.246447876829830187e-02
-5.244965637445681006e-02
-5.243490809258452567e-02
-5.242023355212160202e-02
-5.240563238436099502e-02
-5.239110422243919291e-02
-5.237664870132699435e-02
-5.236226545782035613e-02
-5.234795413053125457e-02
-5.233371435987859560e-02
-5.231954578807920114e-02
-5.230544805913880241e-02
-5.229142081884310955e-02
-5.227746371474889520e-02
-5.226357639617514733e-02
-5.224975851419427081e-02
-5.223600972162330269e-02
-5.222232967301518314e-02
-5.220871802465010952e-02
-5.219517443452685590e-02
-5.218169856235422427e-02
-5.216829006954245423e-02
-5.215494861919474368e-02
-5.214167387609876941e-02
-5.212846550671827728e-02
-5.211532317918468604e-02
-5.210224656328876075e-02
-5.208923533047231380e-02
-5.207628915381995460e-02
-5.206340770805085311e-02
-5.205059066951060048e-02
-5.203783771616304898e-02
-5.202514852758223507e-02
-5.201252278494432335e-02
-5.199996017101959911e-02
-5.198746037016450244e-02
-5.197502306831368324e-02
-5.196264795297211164e-02
-5.195033471320725099e-02
-5.193808303964121686e-02
-5.192589262444301246e-02
-5.191376316132079866e-02
-5.190169434551419186e-02
-5.188968587378662428e-02
-5.187773744441769030e-02
-5.186584875719560395e-02
-5.185401951340962851e-02
-5.184224941584258256e-02
-5.183053816876336678e-02
-5.181888547791955318e-02
-5.180729105052995359e-02
-5.179575459527730602e-02
-5.178427582230091947e-02
-5.177285444318941582e-02
-5.176149017097347177e-02
-5.175018272011860238e-02
-5.173893180651800705e-02
-5.172773714748541557e-02
-5.171659846174798958e-02
-5.170551546943925186e-02
-5.169448789209205725e-02
-5.168351545263159819e-02
-5.167259787536843813e-02
-5.166173488599159341e-02
-5.165092621156163605e-02
-5.164017158050383111e-02
-5.162947072260130887e-02
-5.161882336898829943e-02
-5.160822925214336027e-02
-5.159768810588264559e-02
-5.158719966535323109e-02
-5.157676366702646648e-02
-5.156637984869133495e-02
-5.155604794944787517e-02
-5.154576770970063782e-02
-5.153553887115213533e-02
-5.152536117679637484e-02
-5.151523437091239110e-02
-5.150515819905782805e-02
-5.149513240806254111e-02
-5.148515674602222730e-02
-5.147523096229211781e-02
-5.146535480748065661e-02
-5.145552803344325549e-02
-5.144575039327604210e-02
-5.143602164130966353e-02
-5.142634153310311762e-02
-5.141670982543760510e-02
-5.140712627631041642e-02
-5.139759064492886720e-02
-5.138810269170421968e-02
-5.137866217824570148e-02
-5.136926886735447562e-02
-5.135992252301770089e-02
-5.135062291040261295e-02
-5.134136979585059851e-02
-5.133216294687134584e-02
-5.132300213213698836e-02
-5.131388712147630371e-02
-5.130481768586891977e-02
-5.129579359743957623e-02
-5.128681462945237912e-02
-5.127788055630511793e-02
-5.126899115352358954e-02
-5.126014619775597081e-02
-5.125134546676719111e-02
-5.124258873943335346e-02
-5.123387579573618344e-02
-5.122520641675750580e-02
-5.121658038467372109e-02
-5.120799748275035174e-02
-5.119945749533660190e-02
-5.119096020785991741e-02
-5.118250540682061506e-02
-5.117409287978651189e-02
-5.116572241538758226e-02
-5.115739380331064262e-02
-5.114910683429409188e-02
-5.114086130012262393e-02
-5.113265699362200961e-02
-5.112449370865389947e-02
-5.111637124011062655e-02
-5.110828938391007159e-02
-5.110024793699052131e-02
-5.109224669730556834e-02
-5.108428546381903884e-02
-5.107636403649994106e-02
-5.106848221631744150e-02
-5.106063980523585510e-02
-5.105283660620967695e-02
-5.104507242317862792e-02
-5.103734706106273500e-02
-5.102966032575741856e-02
-5.102201202412862818e-02
-5.101440196400798543e-02
-5.100682995418794746e-02
-5.099929580441700527e-02
-5.099179932539492366e-02
-5.098434032876794642e-02
-5.097691862712410565e-02
-5.096953403398848254e-02
-5.096218636381853739e-02
-5.095487543199944680e-02
-5.094760105483944757e-02
-5.094036304956525013e-02
-5.093316123431742420e-02
-5.092599542814583991e-02
-5.091886545100510891e-02
-5.091177112375008112e-02
-5.090471226813132744e-02
-5.089768870679067109e-02
-5.089070026325671903e-02
-5.088374676194043489e-02
-5.087682802813073280e-02
-5.086994388799007810e-02
-5.086309416855012977e-02
-5.085627869770737580e-02
-5.084949730421883807e-02
-5.084274981769774243e-02
-5.083603606860925134e-02
-5.082935588826620332e-02
-5.082270910882487336e-02
-5.081609556328074706e-02
-5.080951508546434348e-02
-5.080296751003702399e-02
-5.079645267248683593e-02
-5.078997040912440475e-02
-5.078352055707878454e-02
-5.077710295429339188e-02
-5.077071743952192573e-02
-5.076436385232431514e-02
-5.075804203306269469e-02
-5.075175182289737991e-02
-5.074549306378289132e-02
-5.073926559846397844e-02
-5.073306927047165765e-02
-5.072690392411929872e-02
-5.072076940449870425e-02
-5.071466555747621008e-02
-5.070859222968882724e-02
-5.070254926854038391e-02
-5.069653652219768131e-02
-5.069055383958669114e-02
-5.068460107038876006e-02
-5.067867806503681405e-02
-5.067278467471163228e-02
-5.066692075133807233e-02
-5.066108614758137868e-02
-5.065528071684347045e-02
-5.064950431325924984e-02
-5.064375679169295236e-02
-5.063803800773448993e-02
-5.063234781769581500e-02
-5.062668607860733305e-02
-5.062105264821429446e-02
-5.061544738497322088e-02
-5.060987014804835260e-02
-5.060432079730810967e-02
-5.059879919332156695e-02
-5.059330519735495690e-02
-5.058783867136817936e-02
-5.058239947801133896e-02
-5.057698748062128269e-02
-5.057160254321817899e-02
-5.056624453050208995e-02
-5.056091330784957816e-02
-5.055560874131032750e-02
-5.055033069760377779e-02
-5.054507904411575936e-02
-5.053985364889518328e-02
-5.053465438065071064e-02
-5.052948110874745657e-02
-5.052433370320372208e-02
-5.051921203468770494e-02
-5.051411597451426622e-02
-5.050904539464169674e-02
-5.050400016766849048e-02
-5.049898016683014579e-02
-5.049398526599599424e-02
-5.048901533966601574e-02
-5.048407026296768824e-02
-5.047914991165285137e-02
-5.047425416209458393e-02
-5.046938289128410915e-02
-5.046453597682768605e-02
-5.045971329694354940e-02
-5.045491473045882885e-02
-5.045014015680653746e-02
-5.044538945602250468e-02
-5.044066250874239266e-02
-5.043595919619867779e-02
-5.043127940021768785e-02
-5.042662300321659741e-02
-5.042198988820051353e-02
-5.041737993875951285e-02
-5.041279303906571335e-02
-5.040822907387038782e-02
-5.040368792850103558e-02
-5.039916948885853065e-02
-5.039467364141423517e-02
-5.039020027320716133e-02
-5.038574927184112651e-02
-5.038132052548192213e-02
-5.037691392285451042e-02
-5.037252935324023490e-02
-5.036816670647403099e-02
-5.036382587294165741e-02
-5.035950674357694834e-02
-5.035520920985906562e-02
-5.035093316380977180e-02
-5.034667849799072392e-02
-5.034244510550076740e-02
-5.033823287997326451e-02
-5.033404171557339518e-02
-5.032987150699552714e-02
-5.032572214946055139e-02
-5.032159353871324542e-02
-5.031748557101967806e-02
-5.031339814316457965e-02
-5.030933115244875381e-02
-5.030528449668651009e-02
-5.030125807420307571e-02
-5.029725178383206291e-02
-5.029326552491290153e-02
-5.028929919728833409e-02
-5.028535270130189000e-02
-5.028142593779538067e-02
-5.027751880810640145e-02
-5.027363121406586838e-02
-5.026976305799554096e-02
-5.026591424270556580e-02
-5.026208467149204107e-02
-5.025827424813458094e-02
-5.025448287689390781e-02
-5.025071046250943751e-02
-5.024695691019689242e-02
-5.024322212564590745e-02
-5.023950601501767782e-02
-5.023580848494259288e-02
-5.023212944251787687e-02
-5.022846879530528524e-02
-5.022482645132875928e-02
-5.022120231907211546e-02
-5.021759630747675562e-02
-5.021400832593937019e-02
-5.021043828430967609e-02
-5.020688609288812693e-02
-5.020335166242368558e-02
-5.019983490411156907e-02
-5.019633572959101425e-02
-5.019285405094305735e-02
-5.018938978068834128e-02
-5.018594283178490212e-02
-5.018251311762597644e-02
-5.017910055203784331e-02
-5.017570504927765240e-02
-5.017232652403126603e-02
-5.016896489141110804e-02
-5.016562006695405446e-02
-5.016229196661928236e-02
-5.015898050678618825e-02
-5.015568560425225780e-02
-5.015240717623099809e-02
-5.014914514034984200e-02
-5.014589941464809436e-02
-5.014266991757485720e-02
-5.013945656798698275e-02
-5.013625928514704733e-02
-5.013307798872131127e-02
-5.012991259877770667e-02
-5.012676303578381815e-02
-5.012362922060489834e-02
-5.012051107450187643e-02
-5.011740851912936667e-02
-5.011432147653371860e-02
-5.011124986915105328e-02
-5.010819361980529962e-02
-5.010515265170627230e-02
-5.010212688844774276e-02
-5.009911625400550322e-02
-5.009612067273547242e-02
-5.009314006937179431e-02
-5.009017436902493681e-02
-5.008722349717981137e-02
-5.008428737969391337e-02
-5.008136594279544163e-02
-5.007845911308146658e-02
-5.007556681751605676e-02
-5.007268898342847468e-02
-5.006982553851133111e-02
-5.006697641081877398e-02
-5.006414152876467738e-02
-5.006132082112085130e-02
-5.005851421701524445e-02
-5.005572164593016793e-02
-5.005294303770051884e-02
-5.005017832251201781e-02
-5.004742743089946044e-02
-5.004469029374496170e-02
-5.004196684227623509e-02
-5.003925700806485105e-02
-5.003656072302452990e-02
-5.003387791940940715e-02
-5.003120852981236127e-02
-5.002855248716329972e-02
-5.002590972472747977e-02
-5.002328017610384314e-02
-5.002066377522332297e-02
-5.001806045634720616e-02
-5.001547015406546809e-02
-5.001289280329514197e-02
-5.001032833927866739e-02
-5.000777669758227351e-02
-5.000523781409436236e-02
-5.000271162502389205e-02
-5.000019806689877389e-02
-4.999769707656428336e-02
-6.500000000000000222e-02
-6.500000000000000222e-02
-6.500000000000000222e-02
-6.500000000000000222e-02
-6.500000000000000222e-02
-6.500000000000000222e-02
-6.500000000000000222e-02
-6.500000000000000222e-02
-6.500000000000000222e-02
-6.500000000000000222e-02
-6.500000000000000222e-02
-6.500000000000000222e-02
-6.500000000000000222e-02
-6.500000000000000222e-02
-6.500000000000000222e-02
-6.500000000000000222e-02
-6.500000000000000222e-02
-6.500000000000000222e-02
-6.500000000000000222e-02
-6.500000000000000222e-02
-6.492250000000000798e-02
-6.484538750000000407e-02
-6.476866056250001058e-02
-6.469231725968750679e-02
-6.461635567338906705e-02
-6.454077389502212159e-02
-6.446557002554700877e-02
-6.439074217541927714e-02
-6.431628846454218174e-02
-6.424220702221947188e-02
-6.416849598710837321e-02
-6.409515350717283344e-02
-6.402217773963697622e-02
-6.394956685093879101e-02
-6.387731901668410039e-02
-6.380543242160068018e-02
-6.373390525949267083e-02
-6.366273573319521095e-02
-6.359192205452923741e-02
-6.352146244425659061e-02
-6.345135513203531419e-02
-6.338159835637513506e-02
-6.331219036459326266e-02
-6.324312941277029920e-02
-6.317441376570644140e-02
-6.310604169687790421e-02
-6.303801148839351109e-02
-6.297032143095154799e-02
-6.290296982379678381e-02
-6.283595497467779623e-02
-6.276927519980440850e-02
-6.270292882380539001e-02
-6.263691417968636488e-02
-6.257122960878792883e-02
-6.250587346074398809e-02
-6.244084409344026476e-02
-6.237613987297306595e-02
-6.231175917360819855e-02
-6.224770037774015469e-02
-6.218396187585145674e-02
-6.212054206647219662e-02
-6.205743935613983880e-02
-6.199465215935914125e-02
-6.193217889856234698e-02
-6.187001800406953522e-02
-6.180816791404918770e-02
-6.174662707447894222e-02
-6.168539393910654756e-02
-6.162446696941101254e-02
-6.156384463456395645e-02
-6.150352541139113977e-02
-6.144350778433418231e-02
-6.138379024541251033e-02
-6.132437129418544935e-02
-6.126524943771452514e-02
-6.120642319052595204e-02
-6.114789107457332257e-02
-6.108965161920045656e-02
-6.103170336110445154e-02
-6.097404484429892746e-02
-6.091667462007743089e-02
-6.085959124697704059e-02
-6.080279329074215339e-02
-6.074627932428844357e-02
-6.069004792766700268e-02
-6.063409768802866667e-02
-6.057842719958852346e-02
-6.052303506359058005e-02
-6.046791988827262404e-02
-6.041308028883125847e-02
-6.035851488738710330e-02
-6.030422231295017033e-02
-6.025020120138541851e-02
-6.019645019537848973e-02
-6.014296794440159716e-02
-6.008975310467958714e-02
-6.003680433915618841e-02
-5.998412031746040707e-02
-5.993169971587310185e-02
-5.987954121729373302e-02
-5.982764351120726382e-02
-5.977600529365122844e-02
-5.972462526718297360e-02
-5.967350214084705951e-02
-5.962263463014282755e-02
-5.957202145699211360e-02
-5.952166134970715561e-02
-5.947155304295861922e-02
-5.942169527774382454e-02
