-6.491500000000000048e-02
-6.483042499999999708e-02
-6.474627287499999662e-02
-6.466254151062499067e-02
-6.457922880307186142e-02
-6.449633265905650725e-02
-6.441385099576121820e-02
-6.433178174078241218e-02
-6.425012283207849617e-02
-6.416887221791810203e-02
-6.408802785682851666e-02
-6.400758771754437582e-02
-6.392754977895664936e-02
-6.384791203006186244e-02
-6.376867246991155258e-02
-6.368982910756199045e-02
-6.361137996202417821e-02
-6.353332306221405601e-02
-6.345565644690298601e-02
-6.337837816466847241e-02
-6.330148627384513116e-02
-6.322497884247590960e-02
-6.314885394826352805e-02
-6.307310967852221284e-02
-6.299774413012959595e-02
-6.292275540947894763e-02
-6.284814163243154783e-02
-6.277390092426939072e-02
-6.270003141964804183e-02
-6.262653126254980052e-02
-6.255339860623705672e-02
-6.248063161320586978e-02
-6.240822845513983863e-02
-6.233618731286413861e-02
-6.226450637629981494e-02
-6.219318384441831910e-02
-6.212221792519622560e-02
-6.205160683557024714e-02
-6.198134880139239550e-02
-6.191144205738543377e-02
-6.184188484709850914e-02
-6.177267542286301455e-02
-6.170381204574870021e-02
-6.163529298551995855e-02
-6.156711652059235901e-02
-6.149928093798939788e-02
-6.143178453329944944e-02
-6.136462561063295296e-02
-6.129780248257978709e-02
-6.123131347016688708e-02
-6.116515690281604939e-02
-6.109933111830197217e-02
-6.103383446271046231e-02
-6.096866529039691313e-02
-6.090382196394492770e-02
-6.083930285412520594e-02
-6.077510633985457739e-02
-6.071123080815530454e-02
-6.064767465411452507e-02
-6.058443628084395072e-02
-6.052151409943973270e-02
-6.045890652894253536e-02
-6.039661199629782484e-02
-6.033462893631633822e-02
-6.027295579163475386e-02
-6.021159101267657687e-02
-6.015053305761319108e-02
-6.008978039232512613e-02
-6.002933149036349808e-02
-5.996918483291167890e-02
-5.990933890874711870e-02
-5.984979221420338308e-02
-5.979054325313236384e-02
-5.973159053686670494e-02
-5.967293258418237406e-02
-5.961456792126146320e-02
-5.955649508165515582e-02
-5.949871260624688130e-02
-5.944121904321564981e-02
-5.938401294799957458e-02
-5.932709288325957453e-02
-5.927045741884327812e-02
-5.921410513174905910e-02
-5.915803460609031506e-02
-5.910224443305986397e-02
-5.904673321089456278e-02
-5.899149954484009251e-02
-5.893654204711588906e-02
-5.888185933688031004e-02
-5.882745004019590551e-02
-5.877331278999492481e-02
-5.871944622604494818e-02
-5.866584899491472660e-02
-5.861251974994015346e-02
-5.855945715119045131e-02
-5.850665986543449743e-02
-5.845412656610732283e-02
-5.840185593327678476e-02
-5.834984665361039879e-02
-5.829809742034234438e-02
-5.824660693324062999e-02
-5.819537389857442483e-02
-5.814439702908155011e-02
-5.809367504393614379e-02
-5.804320666871646411e-02
-5.799299063537288051e-02
-5.794302568219601712e-02
-5.789331055378503510e-02
-5.784384400101610924e-02
-5.779462478101102946e-02
-5.774565165710597581e-02
-5.769692339882044607e-02
-5.764843878182634301e-02
-5.760019658791721425e-02
-5.755219560497763093e-02
-5.750443462695273983e-02
-5.745691245381797513e-02
-5.740962789154888807e-02
-5.736257975209114318e-02
-5.731576685333068799e-02
-5.726918801906403372e-02
-5.722284207896871644e-02
-5.717672786857387612e-02
-5.713084422923100925e-02
-5.708519000808485316e-02
-5.703976405804443012e-02
-5.699456523775420919e-02
-5.694959241156543478e-02
-5.690484444950760778e-02
-5.686032022726007079e-02
-5.681601862612377374e-02
-5.677193853299315751e-02
-5.672807884032819020e-02
-5.668443844612654908e-02
-5.664101625389591360e-02
-5.659781117262643185e-02
-5.655482211676329807e-02
-5.651204800617948276e-02
-5.646948776614858778e-02
-5.642714032731784707e-02
-5.638500462568125926e-02
-5.634307960255285214e-02
-5.630136420454008583e-02
-5.625985738351738791e-02
-5.621855809659979941e-02
-5.617746530611680139e-02
-5.613657797958621770e-02
-5.609589508968828436e-02
-5.605541561423984381e-02
-5.601513853616864325e-02
-5.597506284348779948e-02
-5.593518752927036097e-02
-5.589551159162400862e-02
-5.585603403366588837e-02
-5.581675386349756185e-02
-5.577767009418007488e-02
-5.573878174370917177e-02
-5.570008783499062754e-02
-5.566158739581567733e-02
-5.562327945883659835e-02
-5.558516306154241693e-02
-5.554723724623470554e-02
-5.550950106000353268e-02
-5.547195355470351669e-02
-5.543459378692999762e-02
-5.539742081799534784e-02
-5.536043371390537288e-02
-5.532363154533584404e-02
-5.528701338760916295e-02
-5.525057832067111624e-02
-5.521432542906776209e-02
-5.517825380192242085e-02
-5.514236253291281142e-02
-5.510665072024825001e-02
-5.507111746664700852e-02
-5.503576187931377012e-02
-5.500058306991720269e-02
-5.496558015456761564e-02
-5.493075225379477622e-02
-5.489609849252580220e-02
-5.486161800006317257e-02
-5.482730991006285609e-02
-5.479317336051254400e-02
-5.475920749370997986e-02
-5.472541145624142817e-02
-5.469178439896021926e-02
-5.465832547696541921e-02
-5.462503384958058983e-02
-5.459190868033268751e-02
-5.455894913693102449e-02
-5.452615439124636892e-02
-5.449352361929013511e-02
-5.446105600119368478e-02
-5.442875072118771862e-02
-5.439660696758177871e-02
-5.436462393274386906e-02
-5.433280081308015236e-02
-5.430113680901475087e-02
-5.426963112496967917e-02
-5.423828296934483234e-02
-5.420709155449810607e-02
-5.417605609672561384e-02
-5.414517581624198744e-02
-5.411444993716077456e-02
-5.408387768747496827e-02
-5.405345829903759197e-02
-5.402319100754240239e-02
-5.399307505250468958e-02
-5.396310967724216728e-02
-5.393329412885595336e-02
-5.390362765821167523e-02
-5.387410951992061686e-02
-5.384473897232101153e-02
-5.381551527745940394e-02
-5.378643770107210953e-02
-5.375750551256675003e-02
-5.372871798500391399e-02
-5.370007439507889363e-02
-5.367157402310349795e-02
-5.364321615298798390e-02
-5.361500007222304298e-02
-5.358692507186192666e-02
-5.355899044650262036e-02
-5.353119549427010765e-02
-5.350353951679875930e-02
-5.347602181921476405e-02
-5.344864171011869114e-02
-5.342139850156809450e-02
-5.339429150906025573e-02
-5.336732005151495484e-02
-5.334048345125737972e-02
-5.331378103400109120e-02
-5.328721212883108516e-02
-5.326077606818693105e-02
-5.323447218784599366e-02
-5.320829982690676585e-02
-5.318225832777222911e-02
-5.315634703613336676e-02
-5.313056530095269792e-02
-5.310491247444793644e-02
-5.307938791207569840e-02
-5.305399097251532053e-02
-5.302872101765274127e-02
-5.300357741256447874e-02
-5.297855952550165753e-02
-5.295366672787414630e-02
-5.292889839423477877e-02
-5.290425390226360242e-02
-5.287973263275228680e-02
-5.285533396958852492e-02
-5.283105729974058029e-02
-5.280690201324187566e-02
-5.278286750317566500e-02
-5.275895316565978876e-02
-5.273515839983149156e-02
-5.271148260783233702e-02
-5.268792519479317815e-02
-5.266448556881921095e-02
-5.264116314097511823e-02
-5.261795732527024122e-02
-5.259486753864388991e-02
-5.257189320095066731e-02
-5.254903373494591162e-02
-5.252628856627118009e-02
-5.250365712343982305e-02
-5.248113883782262734e-02
-5.245873314363351525e-02
-5.243643947791534754e-02
-5.241425728052576810e-02
-5.239218599412313881e-02
-5.237022506415252299e-02
-5.234837393883175899e-02
-5.232663206913760329e-02
-5.230499890879191510e-02
-5.228347391424795210e-02
-5.226205654467671463e-02
-5.224074626195333165e-02
-5.221954253064356455e-02
-5.219844481799034569e-02
-5.217745259390039331e-02
-5.215656533093088881e-02
-5.213578250427623739e-02
-5.211510359175485635e-02
-5.209452807379608141e-02
-5.207405543342710080e-02
-5.205368515625996562e-02
-5.203341673047866267e-02
-5.201324964682627061e-02
-5.199318339859213683e-02
-5.197321748159917931e-02
-5.195335139419118148e-02
-5.193358463722022589e-02
-5.191391671403412789e-02
-5.189434713046395947e-02
-5.187487539481164256e-02
-5.185550101783758387e-02
-5.183622351274839307e-02
-5.181704239518464955e-02
-5.179795718320872461e-02
-5.177896739729268005e-02
-5.176007256030621534e-02
-5.174127219750468409e-02
-5.172256583651715922e-02
-5.170395300733457433e-02
-5.168543324229789987e-02
-5.166700607608640944e-02
-5.164867104570598083e-02
-5.163042769047745256e-02
-5.161227555202506367e-02
-5.159421417426493517e-02
-5.157624310339361390e-02
-5.155836188787664420e-02
-5.154057007843726446e-02
-5.152286722804507585e-02
-5.150525289190484995e-02
-5.148772662744532241e-02
-5.147028799430809765e-02
-5.145293655433656049e-02
-5.143567187156487808e-02
-5.141849351220705716e-02
-5.140140104464602233e-02
-5.138439403942279132e-02
-5.136747206922567810e-02
-5.135063470887955145e-02
-5.133388153533515602e-02
-5.131721212765848195e-02
-5.130062606702018996e-02
-5.128412293668509203e-02
-5.126770232200166671e-02
-5.125136381039165773e-02
-5.123510699133970031e-02
-5.121893145638300310e-02
-5.120283679910108549e-02
-5.118682261510557746e-02
-5.117088850203004718e-02
-5.115503405951989796e-02
-5.113925888922229990e-02
-5.112356259477619097e-02
-5.110794478180231276e-02
-5.109240505789330172e-02
-5.107694303260383595e-02
-5.106155831744081663e-02
-5.104625052585361200e-02
-5.103101927322434284e-02
-5.101586417685822356e-02
-5.100078485597393102e-02
-5.098578093169406356e-02
-5.097085202703559303e-02
-5.095599776690041410e-02
-5.094121777806591422e-02
-5.092651168917558535e-02
-5.091187913072970500e-02
-5.089731973507605894e-02
-5.088283313640067779e-02
-5.086841897071867763e-02
-5.085407687586508685e-02
-5.083980649148576308e-02
-5.082560745902833105e-02
-5.081147942173318971e-02
-5.079742202462452644e-02
-5.078343491450140051e-02
-5.076951773992889605e-02
-5.075567015122925407e-02
-5.074189180047310871e-02
-5.072818234147074418e-02
-5.071454142976339341e-02
-5.070096872261457832e-02
-5.068746387900150557e-02
-5.067402655960649704e-02
-5.066065642680846193e-02
-5.064735314467441740e-02
-5.063411637895104400e-02
-5.062094579705628955e-02
-5.060784106807100780e-02
-5.059480186273065255e-02
-5.058182785341699961e-02
-5.056891871414991718e-02
-5.055607412057916417e-02
-5.054329374997627161e-02
-5.053057728122638953e-02
-5.051792439482025859e-02
-5.050533477284615408e-02
-5.049280809898192002e-02
-5.048034405848701028e-02
-5.046794233819457826e-02
-5.045560262650360811e-02
-5.044332461337108775e-02
-5.043110799030423030e-02
-5.041895245035270950e-02
-5.040685768810094364e-02
-5.039482339966044194e-02
-5.038284928266213714e-02
-5.037093503624882895e-02
-5.035908036106758606e-02
-5.034728495926224512e-02
-5.033554853446593064e-02
-5.032387079179360262e-02
-5.031225143783463194e-02
-5.030069018064545899e-02
-5.028918672974223153e-02
-5.027774079609351882e-02
-5.026635209211305355e-02
-5.025502033165248766e-02
-5.024374522999422443e-02
-5.023252650384425061e-02
-5.022136387132503099e-02
-5.021025705196840300e-02
-5.019920576670856144e-02
-5.018820973787501555e-02
-5.017726868918564315e-02
-5.016638234573971705e-02
-5.015555043401102170e-02
-5.014477268184096975e-02
-5.013404881843176730e-02
-5.012337857433960681e-02
-5.011276168146790860e-02
-5.010219787306056938e-02
-5.009168688369526612e-02
-5.008122844927678785e-02
-5.007082230703040204e-02
-5.006046819549524879e-02
-5.005016585451776967e-02
-5.003991502524517826e-02
-5.002971545011895144e-02
-5.001956687286835540e-02
-5.000946903850401332e-02
-4.999942169331149378e-02
-6.500000000000000222e-02
-6.500000000000000222e-02
-6.500000000000000222e-02
-6.500000000000000222e-02
-6.500000000000000222e-02
-6.500000000000000222e-02
-6.500000000000000222e-02
-6.500000000000000222e-02
-6.500000000000000222e-02
-6.500000000000000222e-02
-6.500000000000000222e-02
-6.500000000000000222e-02
-6.500000000000000222e-02
-6.500000000000000222e-02
-6.500000000000000222e-02
-6.500000000000000222e-02
-6.500000000000000222e-02
-6.500000000000000222e-02
-6.500000000000000222e-02
-6.500000000000000222e-02
-6.491500000000000048e-02
-6.483042499999999708e-02
-6.474627287499999662e-02
-6.466254151062499067e-02
-6.457922880307186142e-02
-6.449633265905650725e-02
-6.441385099576121820e-02
-6.433178174078241218e-02
-6.425012283207849617e-02
-6.416887221791810203e-02
-6.408802785682851666e-02
-6.400758771754437582e-02
-6.392754977895664936e-02
-6.384791203006186244e-02
-6.376867246991155258e-02
-6.368982910756199045e-02
-6.361137996202417821e-02
-6.353332306221405601e-02
-6.345565644690298601e-02
-6.337837816466847241e-02
-6.330148627384513116e-02
-6.322497884247590960e-02
-6.314885394826352805e-02
-6.307310967852221284e-02
-6.299774413012959595e-02
-6.292275540947894763e-02
-6.284814163243154783e-02
-6.277390092426939072e-02
-6.270003141964804183e-02
-6.262653126254980052e-02
-6.255339860623705672e-02
-6.248063161320586978e-02
-6.240822845513983863e-02
-6.233618731286413861e-02
-6.226450637629981494e-02
-6.219318384441831910e-02
-6.212221792519622560e-02
-6.205160683557024714e-02
-6.198134880139239550e-02
-6.191144205738543377e-02
-6.184188484709850914e-02
-6.177267542286301455e-02
-6.170381204574870021e-02
-6.163529298551995855e-02
-6.156711652059235901e-02
-6.149928093798939788e-02
-6.143178453329944944e-02
-6.136462561063295296e-02
-6.129780248257978709e-02
-6.123131347016688708e-02
-6.116515690281604939e-02
-6.109933111830197217e-02
-6.103383446271046231e-02
-6.096866529039691313e-02
-6.090382196394492770e-02
-6.083930285412520594e-02
-6.077510633985457739e-02
-6.071123080815530454e-02
-6.064767465411452507e-02
-6.058443628084395072e-02
-6.052151409943973270e-02
-6.045890652894253536e-02
-6.039661199629782484e-02
-6.033462893631633822e-02
-6.027295579163475386e-02
-6.021159101267657687e-02
-6.015053305761319108e-02
-6.008978039232512613e-02
-6.002933149036349808e-02
-5.996918483291167890e-02
-5.990933890874711870e-02
-5.984979221420338308e-02
-5.979054325313236384e-02
-5.973159053686670494e-02
-5.967293258418237406e-02
-5.961456792126146320e-02
-5.955649508165515582e-02
-5.949871260624688130e-02
-5.944121904321564981e-02
-5.938401294799957458e-02
-5.932709288325957453e-02
-5.927045741884327812e-02
-5.921410513174905910e-02
-5.915803460609031506e-02
-5.910224443305986397e-02
-5.904673321089456278e-02
-5.899149954484009251e-02
-5.893654204711588906e-02
-5.888185933688031004e-02
-5.882745004019590551e-02
-5.877331278999492481e-02
-5.871944622604494818e-02
-5.866584899491472660e-02
-5.861251974994015346e-02
-5.855945715119045131e-02
-5.850665986543449743e-02
-5.845412656610732283e-02
-5.840185593327678476e-02
-5.834984665361039879e-02
-5.829809742034234438e-02
-5.824660693324062999e-02
-5.819537389857442483e-02
-5.814439702908155011e-02
-5.809367504393614379e-02
-5.804320666871646411e-02
-5.799299063537288051e-02
-5.794302568219601712e-02
-5.789331055378503510e-02
-5.784384400101610924e-02
-5.779462478101102946e-02
-5.774565165710597581e-02
-5.769692339882044607e-02
-5.764843878182634301e-02
-5.760019658791721425e-02
-5.755219560497763093e-02
-5.750443462695273983e-02
-5.745691245381797513e-02
-5.740962789154888807e-02
-5.736257975209114318e-02
-5.731576685333068799e-02
-5.726918801906403372e-02
-5.722284207896871644e-02
-5.717672786857387612e-02
-5.713084422923100925e-02
-5.708519000808485316e-02
-5.703976405804443012e-02
-5.699456523775420919e-02
-5.694959241156543478e-02
-5.690484444950760778e-02
-5.686032022726007079e-02
-5.681601862612377374e-02
-5.677193853299315751e-02
-5.672807884032819020e-02
-5.668443844612654908e-02
-5.664101625389591360e-02
-5.659781117262643185e-02
-5.655482211676329807e-02
-5.651204800617948276e-02
-5.646948776614858778e-02
-5.642714032731784707e-02
-5.638500462568125926e-02
-5.634307960255285214e-02
-5.630136420454008583e-02
-5.625985738351738791e-02
-5.621855809659979941e-02
-5.617746530611680139e-02
-5.613657797958621770e-02
-5.609589508968828436e-02
-5.605541561423984381e-02
-5.601513853616864325e-02
-5.597506284348779948e-02
-5.593518752927036097e-02
-5.589551159162400862e-02
-5.585603403366588837e-02
-5.581675386349756185e-02
-5.577767009418007488e-02
-5.573878174370917177e-02
-5.570008783499062754e-02
-5.566158739581567733e-02
-5.562327945883659835e-02
-5.558516306154241693e-02
-5.554723724623470554e-02
-5.550950106000353268e-02
-5.547195355470351669e-02
-5.543459378692999762e-02
-5.539742081799534784e-02
-5.536043371390537288e-02
-5.532363154533584404e-02
-5.528701338760916295e-02
-5.525057832067111624e-02
-5.521432542906776209e-02
-5.517825380192242085e-02
-5.514236253291281142e-02
-5.510665072024825001e-02
-5.507111746664700852e-02
-5.503576187931377012e-02
-5.500058306991720269e-02
-5.496558015456761564e-02
-5.493075225379477622e-02
-5.489609849252580220e-02
-5.486161800006317257e-02
-5.482730991006285609e-02
-5.479317336051254400e-02
-5.475920749370997986e-02
-5.472541145624142817e-02
-5.469178439896021926e-02
-5.465832547696541921e-02
-5.462503384958058983e-02
-5.459190868033268751e-02
-5.455894913693102449e-02
-5.452615439124636892e-02
-5.449352361929013511e-02
-5.446105600119368478e-02
-5.442875072118771862e-02
-5.439660696758177871e-02
-5.436462393274386906e-02
-5.433280081308015236e-02
-5.430113680901475087e-02
-5.426963112496967917e-02
-5.423828296934483234e-02
-5.420709155449810607e-02
-5.417605609672561384e-02
-5.414517581624198744e-02
-5.411444993716077456e-02
-5.408387768747496827e-02
-5.405345829903759197e-02
-5.402319100754240239e-02
-5.399307505250468958e-02
-5.396310967724216728e-02
-5.393329412885595336e-02
-5.390362765821167523e-02
-5.387410951992061686e-02
-5.384473897232101153e-02
-5.381551527745940394e-02
-5.378643770107210953e-02
-5.375750551256675003e-02
-5.372871798500391399e-02
-5.370007439507889363e-02
-5.367157402310349795e-02
-5.364321615298798390e-02
-5.361500007222304298e-02
-5.358692507186192666e-02
-5.355899044650262036e-02
-5.353119549427010765e-02
-5.350353951679875930e-02
-5.347602181921476405e-02
-5.344864171011869114e-02
-5.342139850156809450e-02
-5.339429150906025573e-02
-5.336732005151495484e-02
-5.334048345125737972e-02
-5.331378103400109120e-02
-5.328721212883108516e-02
-5.326077606818693105e-02
-5.323447218784599366e-02
-5.320829982690676585e-02
-5.318225832777222911e-02
-5.315634703613336676e-02
-5.313056530095269792e-02
-5.310491247444793644e-02
-5.307938791207569840e-02
-5.305399097251532053e-02
-5.302872101765274127e-02
-5.300357741256447874e-02
-5.297855952550165753e-02
-5.295366672787414630e-02
-5.292889839423477877e-02
-5.290425390226360242e-02
-5.287973263275228680e-02
-5.285533396958852492e-02
-5.283105729974058029e-02
-5.280690201324187566e-02
-5.278286750317566500e-02
-5.275895316565978876e-02
-5.273515839983149156e-02
-5.271148260783233702e-02
-5.268792519479317815e-02
-5.266448556881921095e-02
-5.264116314097511823e-02
-5.261795732527024122e-02
-5.259486753864388991e-02
-5.257189320095066731e-02
-5.254903373494591162e-02
-5.252628856627118009e-02
-5.250365712343982305e-02
-5.248113883782262734e-02
-5.245873314363351525e-02
-5.243643947791534754e-02
-5.241425728052576810e-02
-5.239218599412313881e-02
-5.237022506415252299e-02
-5.234837393883175899e-02
-5.232663206913760329e-02
-5.230499890879191510e-02
-5.228347391424795210e-02
-5.226205654467671463e-02
-5.224074626195333165e-02
-5.221954253064356455e-02
-5.219844481799034569e-02
-5.217745259390039331e-02
-5.215656533093088881e-02
-5.213578250427623739e-02
-5.211510359175485635e-02
-5.209452807379608141e-02
-5.207405543342710080e-02
-5.205368515625996562e-02
-5.203341673047866267e-02
-5.201324964682627061e-02
-5.199318339859213683e-02
-5.197321748159917931e-02
-5.195335139419118148e-02
-5.193358463722022589e-02
-5.191391671403412789e-02
-5.189434713046395947e-02
-5.187487539481164256e-02
-5.185550101783758387e-02
-5.183622351274839307e-02
-5.181704239518464955e-02
-5.179795718320872461e-02
-5.177896739729268005e-02
-5.176007256030621534e-02
-5.174127219750468409e-02
-5.172256583651715922e-02
-5.170395300733457433e-02
-5.168543324229789987e-02
-5.166700607608640944e-02
-5.164867104570598083e-02
-5.163042769047745256e-02
-5.161227555202506367e-02
-5.159421417426493517e-02
-5.157624310339361390e-02
-5.155836188787664420e-02
-5.154057007843726446e-02
-5.152286722804507585e-02
-5.150525289190484995e-02
-5.148772662744532241e-02
-5.147028799430809765e-02
-5.145293655433656049e-02
-5.143567187156487808e-02
-5.141849351220705716e-02
-5.140140104464602233e-02
-5.138439403942279132e-02
-5.136747206922567810e-02
-5.135063470887955145e-02
-5.133388153533515602e-02
-5.131721212765848195e-02
-5.130062606702018996e-02
-5.128412293668509203e-02
-5.126770232200166671e-02
-5.125136381039165773e-02
-5.123510699133970031e-02
-5.121893145638300310e-02
-5.120283679910108549e-02
-5.118682261510557746e-02
-5.117088850203004718e-02
-5.115503405951989796e-02
-5.113925888922229990e-02
-5.112356259477619097e-02
-5.110794478180231276e-02
-5.109240505789330172e-02
-5.107694303260383595e-02
-5.106155831744081663e-02
-5.104625052585361200e-02
-5.103101927322434284e-02
-5.101586417685822356e-02
-5.100078485597393102e-02
-5.098578093169406356e-02
-5.097085202703559303e-02
-5.095599776690041410e-02
-5.094121777806591422e-02
-5.092651168917558535e-02
-5.091187913072970500e-02
-5.089731973507605894e-02
-5.088283313640067779e-02
-5.086841897071867763e-02
-5.085407687586508685e-02
-5.083980649148576308e-02
-5.082560745902833105e-02
-5.081147942173318971e-02
-5.079742202462452644e-02
-5.078343491450140051e-02
-5.076951773992889605e-02
-5.075567015122925407e-02
-5.074189180047310871e-02
-5.072818234147074418e-02
-5.071454142976339341e-02
-5.070096872261457832e-02
-5.068746387900150557e-02
-5.067402655960649704e-02
-5.066065642680846193e-02
-5.064735314467441740e-02
-5.063411637895104400e-02
-5.062094579705628955e-02
-5.060784106807100780e-02
-5.059480186273065255e-02
-5.058182785341699961e-02
-5.056891871414991718e-02
-5.055607412057916417e-02
-5.054329374997627161e-02
-5.053057728122638953e-02
-5.051792439482025859e-02
-5.050533477284615408e-02
-5.049280809898192002e-02
-5.048034405848701028e-02
-5.046794233819457826e-02
-5.045560262650360811e-02
-5.044332461337108775e-02
-5.043110799030423030e-02
-5.041895245035270950e-02
-5.040685768810094364e-02
-5.039482339966044194e-02
-5.038284928266213714e-02
-5.037093503624882895e-02
-5.035908036106758606e-02
-5.034728495926224512e-02
-5.033554853446593064e-02
-5.032387079179360262e-02
-5.031225143783463194e-02
-5.030069018064545899e-02
-5.028918672974223153e-02
-5.027774079609351882e-02
-5.026635209211305355e-02
-5.025502033165248766e-02
-5.024374522999422443e-02
-5.023252650384425061e-02
-5.022136387132503099e-02
-5.021025705196840300e-02
-5.019920576670856144e-02
-5.018820973787501555e-02
-5.017726868918564315e-02
-5.016638234573971705e-02
-5.015555043401102170e-02
-5.014477268184096975e-02
-5.013404881843176730e-02
-5.012337857433960681e-02
-5.011276168146790860e-02
-5.010219787306056938e-02
-5.009168688369526612e-02
-5.008122844927678785e-02
-5.007082230703040204e-02
-5.006046819549524879e-02
-5.005016585451776967e-02
-5.003991502524517826e-02
-5.002971545011895144e-02
-5.001956687286835540e-02
-5.000946903850401332e-02
-4.999942169331149378e-02
-6.500000000000000222e-02
-6.500000000000000222e-02
-6.500000000000000222e-02
-6.500000000000000222e-02
-6.500000000000000222e-02
-6.500000000000000222e-02
-6.500000000000000222e-02
-6.500000000000000222e-02
-6.500000000000000222e-02
-6.500000000000000222e-02
-6.500000000000000222e-02
-6.500000000000000222e-02
-6.500000000000000222e-02
-6.500000000000000222e-02
-6.500000000000000222e-02
-6.500000000000000222e-02
-6.500000000000000222e-02
-6.500000000000000222e-02
-6.500000000000000222e-02
-6.500000000000000222e-02
-6.491500000000000048e-02
-6.483042499999999708e-02
-6.474627287499999662e-02
-6.466254151062499067e-02
-6.457922880307186142e-02
-6.449633265905650725e-02
-6.441385099576121820e-02
-6.433178174078241218e-02
-6.425012283207849617e-02
-6.416887221791810203e-02
-6.408802785682851666e-02
-6.400758771754437582e-02
-6.392754977895664936e-02
-6.384791203006186244e-02
-6.376867246991155258e-02
-6.368982910756199045e-02
-6.361137996202417821e-02
-6.353332306221405601e-02
-6.345565644690298601e-02
-6.337837816466847241e-02
-6.330148627384513116e-02
-6.322497884247590960e-02
-6.314885394826352805e-02
-6.307310967852221284e-02
-6.299774413012959595e-02
-6.292275540947894763e-02
-6.284814163243154783e-02
-6.277390092426939072e-02
-6.270003141964804183e-02
-6.262653126254980052e-02
-6.255339860623705672e-02
-6.248063161320586978e-02
-6.240822845513983863e-02
-6.233618731286413861e-02
-6.226450637629981494e-02
-6.219318384441831910e-02
-6.212221792519622560e-02
-6.205160683557024714e-02
-6.198134880139239550e-02
-6.191144205738543377e-02
-6.184188484709850914e-02
-6.177267542286301455e-02
-6.170381204574870021e-02
-6.163529298551995855e-02
-6.156711652059235901e-02
-6.149928093798939788e-02
-6.143178453329944944e-02
-6.136462561063295296e-02
-6.129780248257978709e-02
-6.123131347016688708e-02
-6.116515690281604939e-02
-6.109933111830197217e-02
-6.103383446271046231e-02
-6.096866529039691313e-02
-6.090382196394492770e-02
-6.083930285412520594e-02
-6.077510633985457739e-02
-6.071123080815530454e-02
-6.064767465411452507e-02
-6.058443628084395072e-02
-6.052151409943973270e-02
-6.045890652894253536e-02
-6.039661199629782484e-02
-6.033462893631633822e-02
-6.027295579163475386e-02
-6.021159101267657687e-02
-6.015053305761319108e-02
-6.008978039232512613e-02
-6.002933149036349808e-02
-5.996918483291167890e-02
-5.990933890874711870e-02
-5.984979221420338308e-02
-5.979054325313236384e-02
-5.973159053686670494e-02
-5.967293258418237406e-02
-5.961456792126146320e-02
-5.955649508165515582e-02
-5.949871260624688130e-02
-5.944121904321564981e-02
-5.938401294799957458e-02
-5.932709288325957453e-02
-5.927045741884327812e-02
-5.921410513174905910e-02
-5.915803460609031506e-02
-5.910224443305986397e-02
-5.904673321089456278e-02
-5.899149954484009251e-02
-5.893654204711588906e-02
-5.888185933688031004e-02
-5.882745004019590551e-02
-5.877331278999492481e-02
-5.871944622604494818e-02
-5.866584899491472660e-02
-5.861251974994015346e-02
-5.855945715119045131e-02
-5.850665986543449743e-02
-5.845412656610732283e-02
-5.840185593327678476e-02
-5.834984665361039879e-02
-5.829809742034234438e-02
-5.824660693324062999e-02
-5.819537389857442483e-02
-5.814439702908155011e-02
-5.809367504393614379e-02
-5.804320666871646411e-02
-5.799299063537288051e-02
-5.794302568219601712e-02
-5.789331055378503510e-02
-5.784384400101610924e-02
-5.779462478101102946e-02
-5.774565165710597581e-02
-5.769692339882044607e-02
-5.764843878182634301e-02
-5.760019658791721425e-02
-5.755219560497763093e-02
-5.750443462695273983e-02
-5.745691245381797513e-02
-5.740962789154888807e-02
-5.736257975209114318e-02
-5.731576685333068799e-02
-5.726918801906403372e-02
-5.722284207896871644e-02
-5.717672786857387612e-02
-5.713084422923100925e-02
-5.708519000808485316e-02
-5.703976405804443012e-02
-5.699456523775420919e-02
-5.694959241156543478e-02
-5.690484444950760778e-02
-5.686032022726007079e-02
-5.681601862612377374e-02
-5.677193853299315751e-02
-5.672807884032819020e-02
-5.668443844612654908e-02
-5.664101625389591360e-02
-5.659781117262643185e-02
-5.655482211676329807e-02
-5.651204800617948276e-02
-5.646948776614858778e-02
-5.642714032731784707e-02
-5.638500462568125926e-02
-5.634307960255285214e-02
-5.630136420454008583e-02
-5.625985738351738791e-02
-5.621855809659979941e-02
-5.617746530611680139e-02
-5.613657797958621770e-02
-5.609589508968828436e-02
-5.605541561423984381e-02
-5.601513853616864325e-02
-5.597506284348779948e-02
-5.593518752927036097e-02
-5.589551159162400862e-02
-5.585603403366588837e-02
-5.581675386349756185e-02
-5.577767009418007488e-02
-5.573878174370917177e-02
-5.570008783499062754e-02
-5.566158739581567733e-02
-5.562327945883659835e-02
-5.558516306154241693e-02
-5.554723724623470554e-02
-5.550950106000353268e-02
-5.547195355470351669e-02
-5.543459378692999762e-02
-5.539742081799534784e-02
-5.536043371390537288e-02
-5.532363154533584404e-02
-5.528701338760916295e-02
-5.525057832067111624e-02
-5.521432542906776209e-02
-5.517825380192242085e-02
-5.514236253291281142e-02
-5.510665072024825001e-02
-5.507111746664700852e-02
-5.503576187931377012e-02
-5.500058306991720269e-02
-5.496558015456761564e-02
-5.493075225379477622e-02
-5.489609849252580220e-02
-5.486161800006317257e-02
-5.482730991006285609e-02
-5.479317336051254400e-02
-5.475920749370997986e-02
-5.472541145624142817e-02
-5.469178439896021926e-02
-5.465832547696541921e-02
-5.462503384958058983e-02
-5.459190868033268751e-02
-5.455894913693102449e-02
-5.452615439124636892e-02
-5.449352361929013511e-02
-5.446105600119368478e-02
-5.442875072118771862e-02
-5.439660696758177871e-02
-5.436462393274386906e-02
-5.433280081308015236e-02
-5.430113680901475087e-02
-5.426963112496967917e-02
-5.423828296934483234e-02
-5.420709155449810607e-02
-5.417605609672561384e-02
-5.414517581624198744e-02
-5.411444993716077456e-02
-5.408387768747496827e-02
-5.405345829903759197e-02
-5.402319100754240239e-02
-5.399307505250468958e-02
-5.396310967724216728e-02
-5.393329412885595336e-02
-5.390362765821167523e-02
-5.387410951992061686e-02
-5.384473897232101153e-02
-5.381551527745940394e-02
-5.378643770107210953e-02
-5.375750551256675003e-02
-5.372871798500391399e-02
-5.370007439507889363e-02
-5.367157402310349795e-02
-5.364321615298798390e-02
-5.361500007222304298e-02
-5.358692507186192666e-02
-5.355899044650262036e-02
-5.353119549427010765e-02
-5.350353951679875930e-02
-5.347602181921476405e-02
-5.344864171011869114e-02
-5.342139850156809450e-02
-5.339429150906025573e-02
-5.336732005151495484e-02
-5.334048345125737972e-02
-5.331378103400109120e-02
-5.328721212883108516e-02
-5.326077606818693105e-02
-5.323447218784599366e-02
-5.320829982690676585e-02
-5.318225832777222911e-02
-5.315634703613336676e-02
-5.313056530095269792e-02
-5.310491247444793644e-02
-5.307938791207569840e-02
-5.305399097251532053e-02
-5.302872101765274127e-02
-5.300357741256447874e-02
-5.297855952550165753e-02
-5.295366672787414630e-02
-5.292889839423477877e-02
-5.290425390226360242e-02
-5.287973263275228680e-02
-5.285533396958852492e-02
-5.283105729974058029e-02
-5.280690201324187566e-02
-5.278286750317566500e-02
-5.275895316565978876e-02
-5.273515839983149156e-02
-5.271148260783233702e-02
-5.268792519479317815e-02
-5.266448556881921095e-02
-5.264116314097511823e-02
-5.261795732527024122e-02
-5.259486753864388991e-02
-5.257189320095066731e-02
-5.254903373494591162e-02
-5.252628856627118009e-02
-5.250365712343982305e-02
-5.248113883782262734e-02
-5.245873314363351525e-02
-5.243643947791534754e-02
-5.241425728052576810e-02
-5.239218599412313881e-02
-5.237022506415252299e-02
-5.234837393883175899e-02
-5.232663206913760329e-02
-5.230499890879191510e-02
-5.228347391424795210e-02
-5.226205654467671463e-02
-5.224074626195333165e-02
-5.221954253064356455e-02
-5.219844481799034569e-02
-5.217745259390039331e-02
-5.215656533093088881e-02
-5.213578250427623739e-02
-5.211510359175485635e-02
-5.209452807379608141e-02
-5.207405543342710080e-02
-5.205368515625996562e-02
-5.203341673047866267e-02
-5.201324964682627061e-02
-5.199318339859213683e-02
-5.197321748159917931e-02
-5.195335139419118148e-02
-5.193358463722022589e-02
-5.191391671403412789e-02
-5.189434713046395947e-02
-5.187487539481164256e-02
-5.185550101783758387e-02
-5.183622351274839307e-02
-5.181704239518464955e-02
-5.179795718320872461e-02
-5.177896739729268005e-02
-5.176007256030621534e-02
-5.174127219750468409e-02
-5.172256583651715922e-02
-5.170395300733457433e-02
-5.168543324229789987e-02
-5.166700607608640944e-02
-5.164867104570598083e-02
-5.163042769047745256e-02
-5.161227555202506367e-02
-5.159421417426493517e-02
-5.157624310339361390e-02
-5.155836188787664420e-02
-5.154057007843726446e-02
-5.152286722804507585e-02
-5.150525289190484995e-02
-5.148772662744532241e-02
-5.147028799430809765e-02
-5.145293655433656049e-02
-5.143567187156487808e-02
-5.141849351220705716e-02
-5.140140104464602233e-02
-5.138439403942279132e-02
-5.136747206922567810e-02
-5.135063470887955145e-02
-5.133388153533515602e-02
-5.131721212765848195e-02
-5.130062606702018996e-02
-5.128412293668509203e-02
-5.126770232200166671e-02
-5.125136381039165773e-02
-5.123510699133970031e-02
-5.121893145638300310e-02
-5.120283679910108549e-02
-5.118682261510557746e-02
-5.117088850203004718e-02
-5.115503405951989796e-02
-5.113925888922229990e-02
-5.112356259477619097e-02
-5.110794478180231276e-02
-5.109240505789330172e-02
-5.107694303260383595e-02
-5.106155831744081663e-02
-5.104625052585361200e-02
-5.103101927322434284e-02
-5.101586417685822356e-02
-5.100078485597393102e-02
-5.098578093169406356e-02
-5.097085202703559303e-02
-5.095599776690041410e-02
-5.094121777806591422e-02
-5.092651168917558535e-02
-5.091187913072970500e-02
-5.089731973507605894e-02
-5.088283313640067779e-02
-5.086841897071867763e-02
-5.085407687586508685e-02
-5.083980649148576308e-02
-5.082560745902833105e-02
-5.081147942173318971e-02
-5.079742202462452644e-02
-5.078343491450140051e-02
-5.076951773992889605e-02
-5.075567015122925407e-02
-5.074189180047310871e-02
-5.072818234147074418e-02
-5.071454142976339341e-02
-5.070096872261457832e-02
-5.068746387900150557e-02
-5.067402655960649704e-02
-5.066065642680846193e-02
-5.064735314467441740e-02
-5.063411637895104400e-02
-5.062094579705628955e-02
-5.060784106807100780e-02
-5.059480186273065255e-02
-5.058182785341699961e-02
-5.056891871414991718e-02
-5.055607412057916417e-02
-5.054329374997627161e-02
-5.053057728122638953e-02
-5.051792439482025859e-02
-5.050533477284615408e-02
-5.049280809898192002e-02
-5.048034405848701028e-02
-5.046794233819457826e-02
-5.045560262650360811e-02
-5.044332461337108775e-02
-5.043110799030423030e-02
-5.041895245035270950e-02
-5.040685768810094364e-02
-5.039482339966044194e-02
-5.038284928266213714e-02
-5.037093503624882895e-02
-5.035908036106758606e-02
-5.034728495926224512e-02
-5.033554853446593064e-02
-5.032387079179360262e-02
-5.031225143783463194e-02
-5.030069018064545899e-02
-5.028918672974223153e-02
-5.027774079609351882e-02
-5.026635209211305355e-02
-5.025502033165248766e-02
-5.024374522999422443e-02
-5.023252650384425061e-02
-5.022136387132503099e-02
-5.021025705196840300e-02
-5.019920576670856144e-02
-5.018820973787501555e-02
-5.017726868918564315e-02
-5.016638234573971705e-02
-5.015555043401102170e-02
-5.014477268184096975e-02
-5.013404881843176730e-02
-5.012337857433960681e-02
-5.011276168146790860e-02
-5.010219787306056938e-02
-5.009168688369526612e-02
-5.008122844927678785e-02
-5.007082230703040204e-02
-5.006046819549524879e-02
-5.005016585451776967e-02
-5.003991502524517826e-02
-5.002971545011895144e-02
-5.001956687286835540e-02
-5.000946903850401332e-02
-4.999942169331149378e-02
-6.500000000000000222e-02
-6.500000000000000222e-02
-6.500000000000000222e-02
-6.500000000000000222e-02
-6.500000000000000222e-02
-6.500000000000000222e-02
-6.500000000000000222e-02
-6.500000000000000222e-02
-6.500000000000000222e-02
-6.500000000000000222e-02
-6.500000000000000222e-02
-6.500000000000000222e-02
-6.500000000000000222e-02
-6.500000000000000222e-02
-6.500000000000000222e-02
-6.500000000000000222e-02
-6.500000000000000222e-02
-6.500000000000000222e-02
-6.500000000000000222e-02
-6.500000000000000222e-02
-6.491500000000000048e-02
-6.483042499999999708e-02
-6.474627287499999662e-02
-6.466254151062499067e-02
-6.457922880307186142e-02
-6.449633265905650725e-02
-6.441385099576121820e-02
-6.433178174078241218e-02
-6.425012283207849617e-02
-6.416887221791810203e-02
-6.408802785682851666e-02
-6.400758771754437582e-02
-6.392754977895664936e-02
-6.384791203006186244e-02
-6.376867246991155258e-02
-6.368982910756199045e-02
-6.361137996202417821e-02
-6.353332306221405601e-02
-6.345565644690298601e-02
-6.337837816466847241e-02
-6.330148627384513116e-02
-6.322497884247590960e-02
-6.314885394826352805e-02
-6.307310967852221284e-02
-6.299774413012959595e-02
-6.292275540947894763e-02
-6.284814163243154783e-02
-6.277390092426939072e-02
-6.270003141964804183e-02
-6.262653126254980052e-02
-6.255339860623705672e-02
-6.248063161320586978e-02
-6.240822845513983863e-02
-6.233618731286413861e-02
-6.226450637629981494e-02
-6.219318384441831910e-02
-6.212221792519622560e-02
-6.205160683557024714e-02
-6.198134880139239550e-02
-6.191144205738543377e-02
-6.184188484709850914e-02
-6.177267542286301455e-02
-6.170381204574870021e-02
-6.163529298551995855e-02
-6.156711652059235901e-02
-6.149928093798939788e-02
-6.143178453329944944e-02
-6.136462561063295296e-02
-6.129780248257978709e-02
-6.123131347016688708e-02
-6.116515690281604939e-02
-6.109933111830197217e-02
-6.103383446271046231e-02
-6.096866529039691313e-02
-6.090382196394492770e-02
-6.083930285412520594e-02
-6.077510633985457739e-02
-6.071123080815530454e-02
-6.064767465411452507e-02
-6.058443628084395072e-02
-6.052151409943973270e-02
-6.045890652894253536e-02
-6.039661199629782484e-02
-6.033462893631633822e-02
-6.027295579163475386e-02
-6.021159101267657687e-02
-6.015053305761319108e-02
-6.008978039232512613e-02
-6.002933149036349808e-02
-5.996918483291167890e-02
-5.990933890874711870e-02
-5.984979221420338308e-02
-5.979054325313236384e-02
-5.973159053686670494e-02
-5.967293258418237406e-02
-5.961456792126146320e-02
-5.955649508165515582e-02
-5.949871260624688130e-02
-5.944121904321564981e-02
-5.938401294799957458e-02
-5.932709288325957453e-02
-5.927045741884327812e-02
-5.921410513174905910e-02
-5.915803460609031506e-02
-5.910224443305986397e-02
-5.904673321089456278e-02
-5.899149954484009251e-02
-5.893654204711588906e-02
-5.888185933688031004e-02
-5.882745004019590551e-02
-5.877331278999492481e-02
-5.871944622604494818e-02
-5.866584899491472660e-02
-5.861251974994015346e-02
-5.855945715119045131e-02
-5.850665986543449743e-02
-5.845412656610732283e-02
-5.840185593327678476e-02
-5.834984665361039879e-02
-5.829809742034234438e-02
-5.824660693324062999e-02
-5.819537389857442483e-02
-5.814439702908155011e-02
-5.809367504393614379e-02
-5.804320666871646411e-02
-5.799299063537288051e-02
-5.794302568219601712e-02
-5.789331055378503510e-02
-5.784384400101610924e-02
-5.779462478101102946e-02
-5.774565165710597581e-02
-5.769692339882044607e-02
-5.764843878182634301e-02
-5.760019658791721425e-02
-5.755219560497763093e-02
-5.750443462695273983e-02
-5.745691245381797513e-02
-5.740962789154888807e-02
-5.736257975209114318e-02
-5.731576685333068799e-02
-5.726918801906403372e-02
-5.722284207896871644e-02
-5.717672786857387612e-02
-5.713084422923100925e-02
-5.708519000808485316e-02
-5.703976405804443012e-02
-5.699456523775420919e-02
-5.694959241156543478e-02
-5.690484444950760778e-02
-5.686032022726007079e-02
-5.681601862612377374e-02
-5.677193853299315751e-02
-5.672807884032819020e-02
-5.668443844612654908e-02
-5.664101625389591360e-02
-5.659781117262643185e-02
-5.655482211676329807e-02
-5.651204800617948276e-02
-5.646948776614858778e-02
-5.642714032731784707e-02
-5.638500462568125926e-02
-5.634307960255285214e-02
-5.630136420454008583e-02
-5.625985738351738791e-02
-5.621855809659979941e-02
-5.617746530611680139e-02
-5.613657797958621770e-02
-5.609589508968828436e-02
-5.605541561423984381e-02
-5.601513853616864325e-02
-5.597506284348779948e-02
-5.593518752927036097e-02
-5.589551159162400862e-02
-5.585603403366588837e-02
-5.581675386349756185e-02
-5.577767009418007488e-02
-5.573878174370917177e-02
-5.570008783499062754e-02
-5.566158739581567733e-02
-5.562327945883659835e-02
