-6.490750000000000686e-02
-6.481546250000000398e-02
-6.472388518750001041e-02
-6.463276576156251618e-02
-6.454210193275469742e-02
-6.445189142309092067e-02
-6.436213196597546926e-02
-6.427282130614558886e-02
-6.418395719961486612e-02
-6.409553741361678769e-02
-6.400755972654870174e-02
-6.392002192791595983e-02
-6.383292181827637801e-02
-6.374625720918498939e-02
-6.366002592313906028e-02
-6.357422579352337011e-02
-6.348885466455575499e-02
-6.340391039123297046e-02
-6.331939083927680401e-02
-6.323529388508042359e-02
-6.315161741565501752e-02
-6.306835932857673965e-02
-6.298551753193386282e-02
-6.290308994427419587e-02
-6.282107449455281989e-02
-6.273946912208006044e-02
-6.265827177646965396e-02
-6.257748041758730284e-02
-6.249709301549936924e-02
-6.241710755042187420e-02
-6.233752201266976739e-02
-6.225833440260641893e-02
-6.217954273059338871e-02
-6.210114501694042471e-02
-6.202313929185572505e-02
-6.194552359539644976e-02
-6.186829597741946851e-02
-6.179145449753237207e-02
-6.171499722504471264e-02
-6.163892223891948713e-02
-6.156322762772489104e-02
-6.148791148958626662e-02
-6.141297193213833550e-02
-6.133840707247764645e-02
-6.126421503711525912e-02
-6.119039396192968439e-02
-6.111694199212003298e-02
-6.104385728215943469e-02
-6.097113799574863796e-02
-6.089878230576989404e-02
-6.082678839424104228e-02
-6.075515445226983835e-02
-6.068387868000849061e-02
-6.061295928660844629e-02
-6.054239449017540659e-02
-6.047218251772452924e-02
-6.040232160513590853e-02
-6.033280999711022885e-02
-6.026364594712467493e-02
-6.019482771738905030e-02
-6.012635357880210391e-02
-6.005822181090809259e-02
-5.999043070185355181e-02
-5.992297854834428145e-02
-5.985586365560256056e-02
-5.978908433732454952e-02
-5.972263891563792809e-02
-5.965652572105974161e-02
-5.959074309245444151e-02
-5.952528937699216871e-02
-5.946016293010721043e-02
-5.939536211545667216e-02
-5.933088530487938550e-02
-5.926673087835498954e-02
-5.920289722396321341e-02
-5.913938273784339478e-02
-5.907618582415417874e-02
-5.901330489503341103e-02
-5.895073837055824634e-02
-5.888848467870545778e-02
-5.882654225531193382e-02
-5.876490954403537637e-02
-5.870358499631520011e-02
-5.864256707133362612e-02
-5.858185423597695590e-02
-5.852144496479707442e-02
-5.846133773997309185e-02
-5.840153105127322830e-02
-5.834202339601686493e-02
-5.828281327903678255e-02
-5.822389921264160134e-02
-5.816527971657839413e-02
-5.810695331799550084e-02
-5.804891855140552337e-02
-5.799117395864849395e-02
-5.793371808885525165e-02
-5.787654949841097851e-02
-5.781966675091892299e-02
-5.776306841716433160e-02
-5.770675307507851237e-02
-5.765071930970312036e-02
-5.759496571315460278e-02
-5.753949088458883143e-02
-5.748429343016588783e-02
-5.742937196301505648e-02
-5.737472510319997776e-02
-5.732035147768398120e-02
-5.726624972029556448e-02
-5.721241847169408756e-02
-5.715885637933561941e-02
-5.710556209743894440e-02
-5.705253428695174905e-02
-5.699977161551698923e-02
-5.694727275743940303e-02
-5.689503639365220411e-02
-5.684306121168394149e-02
-5.679134590562551904e-02
-5.673988917609738836e-02
-5.668868973021690127e-02
-5.663774628156581503e-02
-5.658705755015798478e-02
-5.653662226240719485e-02
-5.648643915109515662e-02
-5.643650695533967976e-02
-5.638682442056298233e-02
-5.633739029846016738e-02
-5.628820334696786609e-02
-5.623926233023302662e-02
-5.619056601858186256e-02
-5.614211318848895405e-02
-5.609390262254650844e-02
-5.604593310943377371e-02
-5.599820344388660442e-02
-5.595071242666717348e-02
-5.590345886453383650e-02
-5.585644157021116968e-02
-5.580965936236011171e-02
-5.576311106554831393e-02
-5.571679551022057364e-02
-5.567071153266946876e-02
-5.562485797500612422e-02
-5.557923368513109641e-02
-5.553383751670543794e-02
-5.548866832912190822e-02
-5.544372498747630190e-02
-5.539900636253892313e-02
-5.535451133072622626e-02
-5.531023877407259537e-02
-5.526618758020223482e-02
-5.522235664230122631e-02
-5.517874485908971782e-02
-5.513535113479427208e-02
-5.509217437912029836e-02
-5.504921350722469936e-02
-5.500646743968857361e-02
-5.496393510249013292e-02
-5.492161542697768239e-02
-5.487950734984279461e-02
-5.483760981309358101e-02
-5.479592176402811599e-02
-5.475444215520797880e-02
-5.471316994443194137e-02
-5.467210409470978083e-02
-5.463124357423623095e-02
-5.459058735636505150e-02
-5.455013441958322939e-02
-5.450988374748531179e-02
-5.446983432874788478e-02
-5.442998515710414237e-02
-5.439033523131862197e-02
-5.435088355516203007e-02
-5.431162913738622061e-02
-5.427257099169929128e-02
-5.423370813674079777e-02
-5.419503959605709298e-02
-5.415656439807680494e-02
-5.411828157608641887e-02
-5.408019016820598407e-02
-5.404228921736495272e-02
-5.400457777127812969e-02
-5.396705488242174026e-02
-5.392971960800962972e-02
-5.389257100996958094e-02
-5.385560815491973602e-02
-5.381883011414513585e-02
-5.378223596357441239e-02
-5.374582478375654337e-02
-5.370959565983775968e-02
-5.367354768153857064e-02
-5.363767994313087956e-02
-5.360199154341522415e-02
-5.356648158569814883e-02
-5.353114917776966020e-02
-5.349599343188081446e-02
-5.346101346472140886e-02
-5.342620839739780497e-02
-5.339157735541081445e-02
-5.335711946863375826e-02
-5.332283387129058833e-02
-5.328871970193413410e-02
-5.325477610342446017e-02
-5.322100222290733484e-02
-5.318739721179279595e-02
-5.315396022573383450e-02
-5.312069042460516866e-02
-5.308758697248214253e-02
-5.305464903761972911e-02
-5.302187579243163029e-02
-5.298926641346947408e-02
-5.295682008140212976e-02
-5.292453598099512019e-02
-5.289241330109014511e-02
-5.286045123458469469e-02
-5.282864897841177410e-02
-5.279700573351971821e-02
-5.276552070485211743e-02
-5.273419310132785448e-02
-5.270302213582121753e-02
-5.267200702514211047e-02
-5.264114699001640196e-02
-5.261044125506632307e-02
-5.257988904879098979e-02
-5.254948960354703658e-02
-5.251924215552929848e-02
-5.248914594475165285e-02
-5.245920021502789576e-02
-5.242940421395275719e-02
-5.239975719288299250e-02
-5.237025840691857809e-02
-5.234090711488398329e-02
-5.231170257930956025e-02
-5.228264406641301015e-02
-5.225373084608094659e-02
-5.222496219185054217e-02
-5.219633738089128616e-02
-5.216785569398683237e-02
-5.213951641551689553e-02
-5.211131883343931431e-02
-5.208326223927212117e-02
-5.205534592807575800e-02
-5.202756919843538191e-02
-5.199993135244320580e-02
-5.197243169568099147e-02
-5.194506953720258446e-02
-5.191784418951657376e-02
-5.189075496856899311e-02
-5.186380119372614728e-02
-5.183698218775751460e-02
-5.181029727681872588e-02
-5.178374579043463349e-02
-5.175732706148246376e-02
-5.173104042617505255e-02
-5.170488522404417808e-02
-5.167886079792395615e-02
-5.165296649393433942e-02
-5.162720166146466533e-02
-5.160156565315734273e-02
-5.157605782489155938e-02
-5.155067753576710043e-02
-5.152542414808826410e-02
-5.150029702734782583e-02
-5.147529554221108583e-02
-5.145041906450002756e-02
-5.142566696917752478e-02
-5.140103863433163889e-02
-5.137653344115997861e-02
-5.135215077395417771e-02
-5.132789002008440737e-02
-5.130375056998398575e-02
-5.127973181713406381e-02
-5.125583315804839446e-02
-5.123205399225815027e-02
-5.120839372229685910e-02
-5.118485175368537449e-02
-5.116142749491695008e-02
-5.113812035744236262e-02
-5.111492975565515295e-02
-5.109185510687687393e-02
-5.106889583134249094e-02
-5.104605135218577561e-02
-5.102332109542484506e-02
-5.100070448994772215e-02
-5.097820096749798580e-02
-5.095580996266049767e-02
-5.093353091284719830e-02
-5.091136325828296560e-02
-5.088930644199154973e-02
-5.086735990978159122e-02
-5.084552311023268073e-02
-5.082379549468151597e-02
-5.080217651720810718e-02
-5.078066563462206584e-02
-5.075926230644895593e-02
-5.073796599491671444e-02
-5.071677616494212754e-02
-5.069569228411741763e-02
-5.067471382269683050e-02
-5.065384025358334735e-02
-5.063307105231543148e-02
-5.061240569705385134e-02
-5.059184366856857989e-02
-5.057138445022573564e-02
-5.055102752797460686e-02
-5.053077239033473139e-02
-5.051061852838305971e-02
-5.049056543574114569e-02
-5.047061260856244153e-02
-5.045075954551962727e-02
-5.043100574779203066e-02
-5.041135071905306769e-02
-5.039179396545780121e-02
-5.037233499563051331e-02
-5.035297332065236109e-02
-5.033370845404910171e-02
-5.031453991177885915e-02
-5.029546721221996725e-02
-5.027648987615886828e-02
-5.025760742677807397e-02
-5.023881938964418203e-02
-5.022012529269596209e-02
-5.020152466623248322e-02
-5.018301704290131782e-02
-5.016460195768680796e-02
-5.014627894789837337e-02
-5.012804755315888178e-02
-5.010990731539308879e-02
-5.009185777881612622e-02
-5.007389848992204601e-02
-5.005602899747243345e-02
-5.003824885248506910e-02
-5.002055760822264607e-02
-5.000295482018153603e-02
-4.998544004608063140e-02
-6.500000000000000222e-02
-6.500000000000000222e-02
-6.500000000000000222e-02
-6.500000000000000222e-02
-6.500000000000000222e-02
-6.500000000000000222e-02
-6.500000000000000222e-02
-6.500000000000000222e-02
-6.500000000000000222e-02
-6.500000000000000222e-02
-6.500000000000000222e-02
-6.500000000000000222e-02
-6.500000000000000222e-02
-6.500000000000000222e-02
-6.500000000000000222e-02
-6.500000000000000222e-02
-6.500000000000000222e-02
-6.500000000000000222e-02
-6.500000000000000222e-02
-6.500000000000000222e-02
-6.490750000000000686e-02
-6.481546250000000398e-02
-6.472388518750001041e-02
-6.463276576156251618e-02
-6.454210193275469742e-02
-6.445189142309092067e-02
-6.436213196597546926e-02
-6.427282130614558886e-02
-6.418395719961486612e-02
-6.409553741361678769e-02
-6.400755972654870174e-02
-6.392002192791595983e-02
-6.383292181827637801e-02
-6.374625720918498939e-02
-6.366002592313906028e-02
-6.357422579352337011e-02
-6.348885466455575499e-02
-6.340391039123297046e-02
-6.331939083927680401e-02
-6.323529388508042359e-02
-6.315161741565501752e-02
-6.306835932857673965e-02
-6.298551753193386282e-02
-6.290308994427419587e-02
-6.282107449455281989e-02
-6.273946912208006044e-02
-6.265827177646965396e-02
-6.257748041758730284e-02
-6.249709301549936924e-02
-6.241710755042187420e-02
-6.233752201266976739e-02
-6.225833440260641893e-02
-6.217954273059338871e-02
-6.210114501694042471e-02
-6.202313929185572505e-02
-6.194552359539644976e-02
-6.186829597741946851e-02
-6.179145449753237207e-02
-6.171499722504471264e-02
-6.163892223891948713e-02
-6.156322762772489104e-02
-6.148791148958626662e-02
-6.141297193213833550e-02
-6.133840707247764645e-02
-6.126421503711525912e-02
-6.119039396192968439e-02
-6.111694199212003298e-02
-6.104385728215943469e-02
-6.097113799574863796e-02
-6.089878230576989404e-02
-6.082678839424104228e-02
-6.075515445226983835e-02
-6.068387868000849061e-02
-6.061295928660844629e-02
-6.054239449017540659e-02
-6.047218251772452924e-02
-6.040232160513590853e-02
-6.033280999711022885e-02
-6.026364594712467493e-02
-6.019482771738905030e-02
-6.012635357880210391e-02
-6.005822181090809259e-02
-5.999043070185355181e-02
-5.992297854834428145e-02
-5.985586365560256056e-02
-5.978908433732454952e-02
-5.972263891563792809e-02
-5.965652572105974161e-02
-5.959074309245444151e-02
-5.952528937699216871e-02
-5.946016293010721043e-02
-5.939536211545667216e-02
-5.933088530487938550e-02
-5.926673087835498954e-02
-5.920289722396321341e-02
-5.913938273784339478e-02
-5.907618582415417874e-02
-5.901330489503341103e-02
-5.895073837055824634e-02
-5.888848467870545778e-02
-5.882654225531193382e-02
-5.876490954403537637e-02
-5.870358499631520011e-02
-5.864256707133362612e-02
-5.858185423597695590e-02
-5.852144496479707442e-02
-5.846133773997309185e-02
-5.840153105127322830e-02
-5.834202339601686493e-02
-5.828281327903678255e-02
-5.822389921264160134e-02
-5.816527971657839413e-02
-5.810695331799550084e-02
-5.804891855140552337e-02
-5.799117395864849395e-02
-5.793371808885525165e-02
-5.787654949841097851e-02
-5.781966675091892299e-02
-5.776306841716433160e-02
-5.770675307507851237e-02
-5.765071930970312036e-02
-5.759496571315460278e-02
-5.753949088458883143e-02
-5.748429343016588783e-02
-5.742937196301505648e-02
-5.737472510319997776e-02
-5.732035147768398120e-02
-5.726624972029556448e-02
-5.721241847169408756e-02
-5.715885637933561941e-02
-5.710556209743894440e-02
-5.705253428695174905e-02
-5.699977161551698923e-02
-5.694727275743940303e-02
-5.689503639365220411e-02
-5.684306121168394149e-02
-5.679134590562551904e-02
-5.673988917609738836e-02
-5.668868973021690127e-02
-5.663774628156581503e-02
-5.658705755015798478e-02
-5.653662226240719485e-02
-5.648643915109515662e-02
-5.643650695533967976e-02
-5.638682442056298233e-02
-5.633739029846016738e-02
-5.628820334696786609e-02
-5.623926233023302662e-02
-5.619056601858186256e-02
-5.614211318848895405e-02
-5.609390262254650844e-02
-5.604593310943377371e-02
-5.599820344388660442e-02
-5.595071242666717348e-02
-5.590345886453383650e-02
-5.585644157021116968e-02
-5.580965936236011171e-02
-5.576311106554831393e-02
-5.571679551022057364e-02
-5.567071153266946876e-02
-5.562485797500612422e-02
-5.557923368513109641e-02
-5.553383751670543794e-02
-5.548866832912190822e-02
-5.544372498747630190e-02
-5.539900636253892313e-02
-5.535451133072622626e-02
-5.531023877407259537e-02
-5.526618758020223482e-02
-5.522235664230122631e-02
-5.517874485908971782e-02
-5.513535113479427208e-02
-5.509217437912029836e-02
-5.504921350722469936e-02
-5.500646743968857361e-02
-5.496393510249013292e-02
-5.492161542697768239e-02
-5.487950734984279461e-02
-5.483760981309358101e-02
-5.479592176402811599e-02
-5.475444215520797880e-02
-5.471316994443194137e-02
-5.467210409470978083e-02
-5.463124357423623095e-02
-5.459058735636505150e-02
-5.455013441958322939e-02
-5.450988374748531179e-02
-5.446983432874788478e-02
-5.442998515710414237e-02
-5.439033523131862197e-02
-5.435088355516203007e-02
-5.431162913738622061e-02
-5.427257099169929128e-02
-5.423370813674079777e-02
-5.419503959605709298e-02
-5.415656439807680494e-02
-5.411828157608641887e-02
-5.408019016820598407e-02
-5.404228921736495272e-02
-5.400457777127812969e-02
-5.396705488242174026e-02
-5.392971960800962972e-02
-5.389257100996958094e-02
-5.385560815491973602e-02
-5.381883011414513585e-02
-5.378223596357441239e-02
-5.374582478375654337e-02
-5.370959565983775968e-02
-5.367354768153857064e-02
-5.363767994313087956e-02
-5.360199154341522415e-02
-5.356648158569814883e-02
-5.353114917776966020e-02
-5.349599343188081446e-02
-5.346101346472140886e-02
-5.342620839739780497e-02
-5.339157735541081445e-02
-5.335711946863375826e-02
-5.332283387129058833e-02
-5.328871970193413410e-02
-5.325477610342446017e-02
-5.322100222290733484e-02
-5.318739721179279595e-02
-5.315396022573383450e-02
-5.312069042460516866e-02
-5.308758697248214253e-02
-5.305464903761972911e-02
-5.302187579243163029e-02
-5.298926641346947408e-02
-5.295682008140212976e-02
-5.292453598099512019e-02
-5.289241330109014511e-02
-5.286045123458469469e-02
-5.282864897841177410e-02
-5.279700573351971821e-02
-5.276552070485211743e-02
-5.273419310132785448e-02
-5.270302213582121753e-02
-5.267200702514211047e-02
-5.264114699001640196e-02
-5.261044125506632307e-02
-5.257988904879098979e-02
-5.254948960354703658e-02
-5.251924215552929848e-02
-5.248914594475165285e-02
-5.245920021502789576e-02
-5.242940421395275719e-02
-5.239975719288299250e-02
-5.237025840691857809e-02
-5.234090711488398329e-02
-5.231170257930956025e-02
-5.228264406641301015e-02
-5.225373084608094659e-02
-5.222496219185054217e-02
-5.219633738089128616e-02
-5.216785569398683237e-02
-5.213951641551689553e-02
-5.211131883343931431e-02
-5.208326223927212117e-02
-5.205534592807575800e-02
-5.202756919843538191e-02
-5.199993135244320580e-02
-5.197243169568099147e-02
-5.194506953720258446e-02
-5.191784418951657376e-02
-5.189075496856899311e-02
-5.186380119372614728e-02
-5.183698218775751460e-02
-5.181029727681872588e-02
-5.178374579043463349e-02
-5.175732706148246376e-02
-5.173104042617505255e-02
-5.170488522404417808e-02
-5.167886079792395615e-02
-5.165296649393433942e-02
-5.162720166146466533e-02
-5.160156565315734273e-02
-5.157605782489155938e-02
-5.155067753576710043e-02
-5.152542414808826410e-02
-5.150029702734782583e-02
-5.147529554221108583e-02
-5.145041906450002756e-02
-5.142566696917752478e-02
-5.140103863433163889e-02
-5.137653344115997861e-02
-5.135215077395417771e-02
-5.132789002008440737e-02
-5.130375056998398575e-02
-5.127973181713406381e-02
-5.125583315804839446e-02
-5.123205399225815027e-02
-5.120839372229685910e-02
-5.118485175368537449e-02
-5.116142749491695008e-02
-5.113812035744236262e-02
-5.111492975565515295e-02
-5.109185510687687393e-02
-5.106889583134249094e-02
-5.104605135218577561e-02
-5.102332109542484506e-02
-5.100070448994772215e-02
-5.097820096749798580e-02
-5.095580996266049767e-02
-5.093353091284719830e-02
-5.091136325828296560e-02
-5.088930644199154973e-02
-5.086735990978159122e-02
-5.084552311023268073e-02
-5.082379549468151597e-02
-5.080217651720810718e-02
-5.078066563462206584e-02
-5.075926230644895593e-02
-5.073796599491671444e-02
-5.071677616494212754e-02
-5.069569228411741763e-02
-5.067471382269683050e-02
-5.065384025358334735e-02
-5.063307105231543148e-02
-5.061240569705385134e-02
-5.059184366856857989e-02
-5.057138445022573564e-02
-5.055102752797460686e-02
-5.053077239033473139e-02
-5.051061852838305971e-02
-5.049056543574114569e-02
-5.047061260856244153e-02
-5.045075954551962727e-02
-5.043100574779203066e-02
-5.041135071905306769e-02
-5.039179396545780121e-02
-5.037233499563051331e-02
-5.035297332065236109e-02
-5.033370845404910171e-02
-5.031453991177885915e-02
-5.029546721221996725e-02
-5.027648987615886828e-02
-5.025760742677807397e-02
-5.023881938964418203e-02
-5.022012529269596209e-02
-5.020152466623248322e-02
-5.018301704290131782e-02
-5.016460195768680796e-02
-5.014627894789837337e-02
-5.012804755315888178e-02
-5.010990731539308879e-02
-5.009185777881612622e-02
-5.007389848992204601e-02
-5.005602899747243345e-02
-5.003824885248506910e-02
-5.002055760822264607e-02
-5.000295482018153603e-02
-4.998544004608063140e-02
-6.500000000000000222e-02
-6.500000000000000222e-02
-6.500000000000000222e-02
-6.500000000000000222e-02
-6.500000000000000222e-02
-6.500000000000000222e-02
-6.500000000000000222e-02
-6.500000000000000222e-02
-6.500000000000000222e-02
-6.500000000000000222e-02
-6.500000000000000222e-02
-6.500000000000000222e-02
-6.500000000000000222e-02
-6.500000000000000222e-02
-6.500000000000000222e-02
-6.500000000000000222e-02
-6.500000000000000222e-02
-6.500000000000000222e-02
-6.500000000000000222e-02
-6.500000000000000222e-02
-6.490750000000000686e-02
-6.481546250000000398e-02
-6.472388518750001041e-02
-6.463276576156251618e-02
-6.454210193275469742e-02
-6.445189142309092067e-02
-6.436213196597546926e-02
-6.427282130614558886e-02
-6.418395719961486612e-02
-6.409553741361678769e-02
-6.400755972654870174e-02
-6.392002192791595983e-02
-6.383292181827637801e-02
-6.374625720918498939e-02
-6.366002592313906028e-02
-6.357422579352337011e-02
-6.348885466455575499e-02
-6.340391039123297046e-02
-6.331939083927680401e-02
-6.323529388508042359e-02
-6.315161741565501752e-02
-6.306835932857673965e-02
-6.298551753193386282e-02
-6.290308994427419587e-02
-6.282107449455281989e-02
-6.273946912208006044e-02
-6.265827177646965396e-02
-6.257748041758730284e-02
-6.249709301549936924e-02
-6.241710755042187420e-02
-6.233752201266976739e-02
-6.225833440260641893e-02
-6.217954273059338871e-02
-6.210114501694042471e-02
-6.202313929185572505e-02
-6.194552359539644976e-02
-6.186829597741946851e-02
-6.179145449753237207e-02
-6.171499722504471264e-02
-6.163892223891948713e-02
-6.156322762772489104e-02
-6.148791148958626662e-02
-6.141297193213833550e-02
-6.133840707247764645e-02
-6.126421503711525912e-02
-6.119039396192968439e-02
-6.111694199212003298e-02
-6.104385728215943469e-02
-6.097113799574863796e-02
-6.089878230576989404e-02
-6.082678839424104228e-02
-6.075515445226983835e-02
-6.068387868000849061e-02
-6.061295928660844629e-02
-6.054239449017540659e-02
-6.047218251772452924e-02
-6.040232160513590853e-02
-6.033280999711022885e-02
-6.026364594712467493e-02
-6.019482771738905030e-02
-6.012635357880210391e-02
-6.005822181090809259e-02
-5.999043070185355181e-02
-5.992297854834428145e-02
-5.985586365560256056e-02
-5.978908433732454952e-02
-5.972263891563792809e-02
-5.965652572105974161e-02
-5.959074309245444151e-02
-5.952528937699216871e-02
-5.946016293010721043e-02
-5.939536211545667216e-02
-5.933088530487938550e-02
-5.926673087835498954e-02
-5.920289722396321341e-02
-5.913938273784339478e-02
-5.907618582415417874e-02
-5.901330489503341103e-02
-5.895073837055824634e-02
-5.888848467870545778e-02
-5.882654225531193382e-02
-5.876490954403537637e-02
-5.870358499631520011e-02
-5.864256707133362612e-02
-5.858185423597695590e-02
-5.852144496479707442e-02
-5.846133773997309185e-02
-5.840153105127322830e-02
-5.834202339601686493e-02
-5.828281327903678255e-02
-5.822389921264160134e-02
-5.816527971657839413e-02
-5.810695331799550084e-02
-5.804891855140552337e-02
-5.799117395864849395e-02
-5.793371808885525165e-02
-5.787654949841097851e-02
-5.781966675091892299e-02
-5.776306841716433160e-02
-5.770675307507851237e-02
-5.765071930970312036e-02
-5.759496571315460278e-02
-5.753949088458883143e-02
-5.748429343016588783e-02
-5.742937196301505648e-02
-5.737472510319997776e-02
-5.732035147768398120e-02
-5.726624972029556448e-02
-5.721241847169408756e-02
-5.715885637933561941e-02
-5.710556209743894440e-02
-5.705253428695174905e-02
-5.699977161551698923e-02
-5.694727275743940303e-02
-5.689503639365220411e-02
-5.684306121168394149e-02
-5.679134590562551904e-02
-5.673988917609738836e-02
-5.668868973021690127e-02
-5.663774628156581503e-02
-5.658705755015798478e-02
-5.653662226240719485e-02
-5.648643915109515662e-02
-5.643650695533967976e-02
-5.638682442056298233e-02
-5.633739029846016738e-02
-5.628820334696786609e-02
-5.623926233023302662e-02
-5.619056601858186256e-02
-5.614211318848895405e-02
-5.609390262254650844e-02
-5.604593310943377371e-02
-5.599820344388660442e-02
-5.595071242666717348e-02
-5.590345886453383650e-02
-5.585644157021116968e-02
-5.580965936236011171e-02
-5.576311106554831393e-02
-5.571679551022057364e-02
-5.567071153266946876e-02
-5.562485797500612422e-02
-5.557923368513109641e-02
-5.553383751670543794e-02
-5.548866832912190822e-02
-5.544372498747630190e-02
-5.539900636253892313e-02
-5.535451133072622626e-02
-5.531023877407259537e-02
-5.526618758020223482e-02
-5.522235664230122631e-02
-5.517874485908971782e-02
-5.513535113479427208e-02
-5.509217437912029836e-02
-5.504921350722469936e-02
-5.500646743968857361e-02
-5.496393510249013292e-02
-5.492161542697768239e-02
-5.487950734984279461e-02
-5.483760981309358101e-02
-5.479592176402811599e-02
-5.475444215520797880e-02
-5.471316994443194137e-02
-5.467210409470978083e-02
-5.463124357423623095e-02
-5.459058735636505150e-02
-5.455013441958322939e-02
-5.450988374748531179e-02
-5.446983432874788478e-02
-5.442998515710414237e-02
-5.439033523131862197e-02
-5.435088355516203007e-02
-5.431162913738622061e-02
-5.427257099169929128e-02
-5.423370813674079777e-02
-5.419503959605709298e-02
-5.415656439807680494e-02
-5.411828157608641887e-02
-5.408019016820598407e-02
-5.404228921736495272e-02
-5.400457777127812969e-02
-5.396705488242174026e-02
-5.392971960800962972e-02
-5.389257100996958094e-02
-5.385560815491973602e-02
-5.381883011414513585e-02
-5.378223596357441239e-02
-5.374582478375654337e-02
-5.370959565983775968e-02
-5.367354768153857064e-02
-5.363767994313087956e-02
-5.360199154341522415e-02
-5.356648158569814883e-02
-5.353114917776966020e-02
-5.349599343188081446e-02
-5.346101346472140886e-02
-5.342620839739780497e-02
-5.339157735541081445e-02
-5.335711946863375826e-02
-5.332283387129058833e-02
-5.328871970193413410e-02
-5.325477610342446017e-02
-5.322100222290733484e-02
-5.318739721179279595e-02
-5.315396022573383450e-02
-5.312069042460516866e-02
-5.308758697248214253e-02
-5.305464903761972911e-02
-5.302187579243163029e-02
-5.298926641346947408e-02
-5.295682008140212976e-02
-5.292453598099512019e-02
-5.289241330109014511e-02
-5.286045123458469469e-02
-5.282864897841177410e-02
-5.279700573351971821e-02
-5.276552070485211743e-02
-5.273419310132785448e-02
-5.270302213582121753e-02
-5.267200702514211047e-02
-5.264114699001640196e-02
-5.261044125506632307e-02
-5.257988904879098979e-02
-5.254948960354703658e-02
-5.251924215552929848e-02
-5.248914594475165285e-02
-5.245920021502789576e-02
-5.242940421395275719e-02
-5.239975719288299250e-02
-5.237025840691857809e-02
-5.234090711488398329e-02
-5.231170257930956025e-02
-5.228264406641301015e-02
-5.225373084608094659e-02
-5.222496219185054217e-02
-5.219633738089128616e-02
-5.216785569398683237e-02
-5.213951641551689553e-02
-5.211131883343931431e-02
-5.208326223927212117e-02
-5.205534592807575800e-02
-5.202756919843538191e-02
-5.199993135244320580e-02
-5.197243169568099147e-02
-5.194506953720258446e-02
-5.191784418951657376e-02
-5.189075496856899311e-02
-5.186380119372614728e-02
-5.183698218775751460e-02
-5.181029727681872588e-02
-5.178374579043463349e-02
-5.175732706148246376e-02
-5.173104042617505255e-02
-5.170488522404417808e-02
-5.167886079792395615e-02
-5.165296649393433942e-02
-5.162720166146466533e-02
-5.160156565315734273e-02
-5.157605782489155938e-02
-5.155067753576710043e-02
-5.152542414808826410e-02
-5.150029702734782583e-02
-5.147529554221108583e-02
-5.145041906450002756e-02
-5.142566696917752478e-02
-5.140103863433163889e-02
-5.137653344115997861e-02
-5.135215077395417771e-02
-5.132789002008440737e-02
-5.130375056998398575e-02
-5.127973181713406381e-02
-5.125583315804839446e-02
-5.123205399225815027e-02
-5.120839372229685910e-02
-5.118485175368537449e-02
-5.116142749491695008e-02
-5.113812035744236262e-02
-5.111492975565515295e-02
-5.109185510687687393e-02
-5.106889583134249094e-02
-5.104605135218577561e-02
-5.102332109542484506e-02
-5.100070448994772215e-02
-5.097820096749798580e-02
-5.095580996266049767e-02
-5.093353091284719830e-02
-5.091136325828296560e-02
-5.088930644199154973e-02
-5.086735990978159122e-02
-5.084552311023268073e-02
-5.082379549468151597e-02
-5.080217651720810718e-02
-5.078066563462206584e-02
-5.075926230644895593e-02
-5.073796599491671444e-02
-5.071677616494212754e-02
-5.069569228411741763e-02
-5.067471382269683050e-02
-5.065384025358334735e-02
-5.063307105231543148e-02
-5.061240569705385134e-02
-5.059184366856857989e-02
-5.057138445022573564e-02
-5.055102752797460686e-02
-5.053077239033473139e-02
-5.051061852838305971e-02
-5.049056543574114569e-02
-5.047061260856244153e-02
-5.045075954551962727e-02
-5.043100574779203066e-02
-5.041135071905306769e-02
-5.039179396545780121e-02
-5.037233499563051331e-02
-5.035297332065236109e-02
-5.033370845404910171e-02
-5.031453991177885915e-02
-5.029546721221996725e-02
-5.027648987615886828e-02
-5.025760742677807397e-02
-5.023881938964418203e-02
-5.022012529269596209e-02
-5.020152466623248322e-02
-5.018301704290131782e-02
-5.016460195768680796e-02
-5.014627894789837337e-02
-5.012804755315888178e-02
-5.010990731539308879e-02
-5.009185777881612622e-02
-5.007389848992204601e-02
-5.005602899747243345e-02
-5.003824885248506910e-02
-5.002055760822264607e-02
-5.000295482018153603e-02
-4.998544004608063140e-02
-6.500000000000000222e-02
-6.500000000000000222e-02
-6.500000000000000222e-02
-6.500000000000000222e-02
-6.500000000000000222e-02
-6.500000000000000222e-02
-6.500000000000000222e-02
-6.500000000000000222e-02
-6.500000000000000222e-02
-6.500000000000000222e-02
-6.500000000000000222e-02
-6.500000000000000222e-02
-6.500000000000000222e-02
-6.500000000000000222e-02
-6.500000000000000222e-02
-6.500000000000000222e-02
-6.500000000000000222e-02
-6.500000000000000222e-02
-6.500000000000000222e-02
-6.500000000000000222e-02
-6.490750000000000686e-02
-6.481546250000000398e-02
-6.472388518750001041e-02
-6.463276576156251618e-02
-6.454210193275469742e-02
-6.445189142309092067e-02
-6.436213196597546926e-02
-6.427282130614558886e-02
-6.418395719961486612e-02
-6.409553741361678769e-02
-6.400755972654870174e-02
-6.392002192791595983e-02
-6.383292181827637801e-02
-6.374625720918498939e-02
-6.366002592313906028e-02
-6.357422579352337011e-02
-6.348885466455575499e-02
-6.340391039123297046e-02
-6.331939083927680401e-02
-6.323529388508042359e-02
-6.315161741565501752e-02
-6.306835932857673965e-02
-6.298551753193386282e-02
-6.290308994427419587e-02
-6.282107449455281989e-02
-6.273946912208006044e-02
-6.265827177646965396e-02
-6.257748041758730284e-02
-6.249709301549936924e-02
-6.241710755042187420e-02
-6.233752201266976739e-02
-6.225833440260641893e-02
-6.217954273059338871e-02
-6.210114501694042471e-02
-6.202313929185572505e-02
-6.194552359539644976e-02
-6.186829597741946851e-02
-6.179145449753237207e-02
-6.171499722504471264e-02
-6.163892223891948713e-02
-6.156322762772489104e-02
-6.148791148958626662e-02
-6.141297193213833550e-02
-6.133840707247764645e-02
-6.126421503711525912e-02
-6.119039396192968439e-02
-6.111694199212003298e-02
-6.104385728215943469e-02
-6.097113799574863796e-02
-6.089878230576989404e-02
-6.082678839424104228e-02
-6.075515445226983835e-02
-6.068387868000849061e-02
-6.061295928660844629e-02
-6.054239449017540659e-02
-6.047218251772452924e-02
-6.040232160513590853e-02
-6.033280999711022885e-02
-6.026364594712467493e-02
-6.019482771738905030e-02
-6.012635357880210391e-02
-6.005822181090809259e-02
-5.999043070185355181e-02
-5.992297854834428145e-02
-5.985586365560256056e-02
-5.978908433732454952e-02
-5.972263891563792809e-02
-5.965652572105974161e-02
-5.959074309245444151e-02
-5.952528937699216871e-02
-5.946016293010721043e-02
-5.939536211545667216e-02
-5.933088530487938550e-02
-5.926673087835498954e-02
-5.920289722396321341e-02
-5.913938273784339478e-02
-5.907618582415417874e-02
-5.901330489503341103e-02
-5.895073837055824634e-02
-5.888848467870545778e-02
-5.882654225531193382e-02
-5.876490954403537637e-02
-5.870358499631520011e-02
-5.864256707133362612e-02
-5.858185423597695590e-02
-5.852144496479707442e-02
-5.846133773997309185e-02
-5.840153105127322830e-02
-5.834202339601686493e-02
-5.828281327903678255e-02
-5.822389921264160134e-02
-5.816527971657839413e-02
-5.810695331799550084e-02
-5.804891855140552337e-02
-5.799117395864849395e-02
-5.793371808885525165e-02
-5.787654949841097851e-02
-5.781966675091892299e-02
-5.776306841716433160e-02
-5.770675307507851237e-02
-5.765071930970312036e-02
-5.759496571315460278e-02
-5.753949088458883143e-02
-5.748429343016588783e-02
-5.742937196301505648e-02
-5.737472510319997776e-02
-5.732035147768398120e-02
-5.726624972029556448e-02
-5.721241847169408756e-02
-5.715885637933561941e-02
-5.710556209743894440e-02
-5.705253428695174905e-02
-5.699977161551698923e-02
-5.694727275743940303e-02
-5.689503639365220411e-02
-5.684306121168394149e-02
-5.679134590562551904e-02
-5.673988917609738836e-02
-5.668868973021690127e-02
-5.663774628156581503e-02
-5.658705755015798478e-02
-5.653662226240719485e-02
-5.648643915109515662e-02
-5.643650695533967976e-02
-5.638682442056298233e-02
-5.633739029846016738e-02
-5.628820334696786609e-02
-5.623926233023302662e-02
-5.619056601858186256e-02
-5.614211318848895405e-02
-5.609390262254650844e-02
-5.604593310943377371e-02
-5.599820344388660442e-02
-5.595071242666717348e-02
-5.590345886453383650e-02
-5.585644157021116968e-02
-5.580965936236011171e-02
-5.576311106554831393e-02
-5.571679551022057364e-02
-5.567071153266946876e-02
-5.562485797500612422e-02
-5.557923368513109641e-02
-5.553383751670543794e-02
-5.548866832912190822e-02
-5.544372498747630190e-02
-5.539900636253892313e-02
-5.535451133072622626e-02
-5.531023877407259537e-02
-5.526618758020223482e-02
-5.522235664230122631e-02
-5.517874485908971782e-02
-5.513535113479427208e-02
-5.509217437912029836e-02
-5.504921350722469936e-02
-5.500646743968857361e-02
-5.496393510249013292e-02
-5.492161542697768239e-02
-5.487950734984279461e-02
-5.483760981309358101e-02
-5.479592176402811599e-02
-5.475444215520797880e-02
-5.471316994443194137e-02
-5.467210409470978083e-02
-5.463124357423623095e-02
-5.459058735636505150e-02
-5.455013441958322939e-02
-5.450988374748531179e-02
-5.446983432874788478e-02
-5.442998515710414237e-02
-5.439033523131862197e-02
-5.435088355516203007e-02
-5.431162913738622061e-02
-5.427257099169929128e-02
-5.423370813674079777e-02
-5.419503959605709298e-02
-5.415656439807680494e-02
-5.411828157608641887e-02
-5.408019016820598407e-02
-5.404228921736495272e-02
-5.400457777127812969e-02
-5.396705488242174026e-02
-5.392971960800962972e-02
-5.389257100996958094e-02
-5.385560815491973602e-02
-5.381883011414513585e-02
-5.378223596357441239e-02
-5.374582478375654337e-02
-5.370959565983775968e-02
-5.367354768153857064e-02
-5.363767994313087956e-02
-5.360199154341522415e-02
-5.356648158569814883e-02
-5.353114917776966020e-02
-5.349599343188081446e-02
-5.346101346472140886e-02
-5.342620839739780497e-02
-5.339157735541081445e-02
-5.335711946863375826e-02
-5.332283387129058833e-02
-5.328871970193413410e-02
-5.325477610342446017e-02
-5.322100222290733484e-02
-5.318739721179279595e-02
-5.315396022573383450e-02
-5.312069042460516866e-02
-5.308758697248214253e-02
-5.305464903761972911e-02
-5.302187579243163029e-02
-5.298926641346947408e-02
-5.295682008140212976e-02
-5.292453598099512019e-02
-5.289241330109014511e-02
-5.286045123458469469e-02
-5.282864897841177410e-02
-5.279700573351971821e-02
-5.276552070485211743e-02
-5.273419310132785448e-02
-5.270302213582121753e-02
-5.267200702514211047e-02
-5.264114699001640196e-02
-5.261044125506632307e-02
-5.257988904879098979e-02
-5.254948960354703658e-02
-5.251924215552929848e-02
-5.248914594475165285e-02
-5.245920021502789576e-02
-5.242940421395275719e-02
-5.239975719288299250e-02
-5.237025840691857809e-02
-5.234090711488398329e-02
-5.231170257930956025e-02
-5.228264406641301015e-02
-5.225373084608094659e-02
-5.222496219185054217e-02
-5.219633738089128616e-02
-5.216785569398683237e-02
-5.213951641551689553e-02
-5.211131883343931431e-02
-5.208326223927212117e-02
-5.205534592807575800e-02
-5.202756919843538191e-02
-5.199993135244320580e-02
-5.197243169568099147e-02
-5.194506953720258446e-02
-5.191784418951657376e-02
-5.189075496856899311e-02
-5.186380119372614728e-02
-5.183698218775751460e-02
-5.181029727681872588e-02
-5.178374579043463349e-02
-5.175732706148246376e-02
-5.173104042617505255e-02
-5.170488522404417808e-02
-5.167886079792395615e-02
-5.165296649393433942e-02
-5.162720166146466533e-02
-5.160156565315734273e-02
-5.157605782489155938e-02
-5.155067753576710043e-02
-5.152542414808826410e-02
-5.150029702734782583e-02
-5.147529554221108583e-02
-5.145041906450002756e-02
-5.142566696917752478e-02
-5.140103863433163889e-02
-5.137653344115997861e-02
-5.135215077395417771e-02
-5.132789002008440737e-02
-5.130375056998398575e-02
-5.127973181713406381e-02
-5.125583315804839446e-02
-5.123205399225815027e-02
-5.120839372229685910e-02
-5.118485175368537449e-02
-5.116142749491695008e-02
-5.113812035744236262e-02
-5.111492975565515295e-02
-5.109185510687687393e-02
-5.106889583134249094e-02
-5.104605135218577561e-02
-5.102332109542484506e-02
-5.100070448994772215e-02
-5.097820096749798580e-02
-5.095580996266049767e-02
-5.093353091284719830e-02
-5.091136325828296560e-02
-5.088930644199154973e-02
-5.086735990978159122e-02
-5.084552311023268073e-02
-5.082379549468151597e-02
-5.080217651720810718e-02
-5.078066563462206584e-02
-5.075926230644895593e-02
-5.073796599491671444e-02
-5.071677616494212754e-02
-5.069569228411741763e-02
-5.067471382269683050e-02
-5.065384025358334735e-02
-5.063307105231543148e-02
-5.061240569705385134e-02
-5.059184366856857989e-02
-5.057138445022573564e-02
-5.055102752797460686e-02
-5.053077239033473139e-02
-5.051061852838305971e-02
-5.049056543574114569e-02
-5.047061260856244153e-02
-5.045075954551962727e-02
-5.043100574779203066e-02
-5.041135071905306769e-02
-5.039179396545780121e-02
-5.037233499563051331e-02
-5.035297332065236109e-02
-5.033370845404910171e-02
-5.031453991177885915e-02
-5.029546721221996725e-02
-5.027648987615886828e-02
-5.025760742677807397e-02
-5.023881938964418203e-02
-5.022012529269596209e-02
-5.020152466623248322e-02
-5.018301704290131782e-02
-5.016460195768680796e-02
-5.014627894789837337e-02
-5.012804755315888178e-02
-5.010990731539308879e-02
-5.009185777881612622e-02
-5.007389848992204601e-02
-5.005602899747243345e-02
-5.003824885248506910e-02
-5.002055760822264607e-02
-5.000295482018153603e-02
-4.998544004608063140e-02
-6.500000000000000222e-02
-6.500000000000000222e-02
-6.500000000000000222e-02
-6.500000000000000222e-02
-6.500000000000000222e-02
-6.500000000000000222e-02
-6.500000000000000222e-02
-6.500000000000000222e-02
-6.500000000000000222e-02
-6.500000000000000222e-02
-6.500000000000000222e-02
-6.500000000000000222e-02
-6.500000000000000222e-02
-6.500000000000000222e-02
-6.500000000000000222e-02
-6.500000000000000222e-02
-6.500000000000000222e-02
-6.500000000000000222e-02
-6.500000000000000222e-02
-6.500000000000000222e-02
-6.490750000000000686e-02
-6.481546250000000398e-02
-6.472388518750001041e-02
-6.463276576156251618e-02
-6.454210193275469742e-02
-6.445189142309092067e-02
-6.436213196597546926e-02
-6.427282130614558886e-02
-6.418395719961486612e-02
-6.409553741361678769e-02
-6.400755972654870174e-02
-6.392002192791595983e-02
-6.383292181827637801e-02
-6.374625720918498939e-02
-6.366002592313906028e-02
-6.357422579352337011e-02
-6.348885466455575499e-02
-6.340391039123297046e-02
-6.331939083927680401e-02
-6.323529388508042359e-02
-6.315161741565501752e-02
-6.306835932857673965e-02
-6.298551753193386282e-02
-6.290308994427419587e-02
-6.282107449455281989e-02
-6.273946912208006044e-02
-6.265827177646965396e-02
-6.257748041758730284e-02
-6.249709301549936924e-02
-6.241710755042187420e-02
-6.233752201266976739e-02
-6.225833440260641893e-02
-6.217954273059338871e-02
-6.210114501694042471e-02
-6.202313929185572505e-02
-6.194552359539644976e-02
-6.186829597741946851e-02
-6.179145449753237207e-02
-6.171499722504471264e-02
-6.163892223891948713e-02
-6.156322762772489104e-02
-6.148791148958626662e-02
-6.141297193213833550e-02
-6.133840707247764645e-02
-6.126421503711525912e-02
-6.119039396192968439e-02
-6.111694199212003298e-02
-6.104385728215943469e-02
-6.097113799574863796e-02
-6.089878230576989404e-02
-6.082678839424104228e-02
-6.075515445226983835e-02
-6.068387868000849061e-02
-6.061295928660844629e-02
-6.054239449017540659e-02
-6.047218251772452924e-02
-6.040232160513590853e-02
-6.033280999711022885e-02
-6.026364594712467493e-02
-6.019482771738905030e-02
-6.012635357880210391e-02
-6.005822181090809259e-02
-5.999043070185355181e-02
-5.992297854834428145e-02
-5.985586365560256056e-02
-5.978908433732454952e-02
-5.972263891563792809e-02
-5.965652572105974161e-02
-5.959074309245444151e-02
-5.952528937699216871e-02
-5.946016293010721043e-02
-5.939536211545667216e-02
-5.933088530487938550e-02
-5.926673087835498954e-02
-5.920289722396321341e-02
-5.913938273784339478e-02
-5.907618582415417874e-02
-5.901330489503341103e-02
-5.895073837055824634e-02
-5.888848467870545778e-02
-5.882654225531193382e-02
-5.876490954403537637e-02
-5.870358499631520011e-02
-5.864256707133362612e-02
-5.858185423597695590e-02
-5.852144496479707442e-02
-5.846133773997309185e-02
-5.840153105127322830e-02
-5.834202339601686493e-02
