-6.489999999999999936e-02
-6.480049999999999699e-02
-6.470149749999999644e-02
-6.460299001250000006e-02
-6.450497506243750567e-02
-6.440745018712532022e-02
-6.431041293618969257e-02
-6.421386087150873778e-02
-6.411779156715119443e-02
-6.402220260931543172e-02
-6.392709159626885906e-02
-6.383245613828751608e-02
-6.373829385759607891e-02
-6.364460238830810246e-02
-6.355137937636656797e-02
-6.345862247948473589e-02
-6.336632936708731789e-02
-6.327449772025188490e-02
-6.318312523165062200e-02
-6.309220960549237478e-02
-6.300174855746491775e-02
-6.291173981467759746e-02
-6.282218111560421148e-02
-6.273307021002619277e-02
-6.264440485897605770e-02
-6.255618283468117324e-02
-6.246840192050776702e-02
-6.238105991090522884e-02
-6.229415461135070359e-02
-6.220768383829394788e-02
-6.212164541910247806e-02
-6.203603719200696809e-02
-6.195085700604693185e-02
-6.186610272101669694e-02
-6.178177220741161435e-02
-6.169786334637455960e-02
-6.161437402964268367e-02
-6.153130215949446924e-02
-6.144864564869699508e-02
-6.136640242045351273e-02
-6.128457040835124520e-02
-6.120314755630949094e-02
-6.112213181852794303e-02
-6.104152115943530660e-02
-6.096131355363813148e-02
-6.088150698586994314e-02
-6.080209945094059570e-02
-6.072308895368589560e-02
-6.064447350891746802e-02
-6.056625114137288018e-02
-6.048841988566601435e-02
-6.041097778623768372e-02
-6.033392289730649810e-02
-6.025725328281996557e-02
-6.018096701640586466e-02
-6.010506218132383865e-02
-6.002953687041721886e-02
-5.995438918606513234e-02
-5.987961724013480397e-02
-5.980521915393412907e-02
-5.973119305816446123e-02
-5.965753709287363593e-02
-5.958424940740926490e-02
-5.951132816037221773e-02
-5.943877151957035337e-02
-5.936657766197250136e-02
-5.929474477366263735e-02
-5.922327104979432238e-02
-5.915215469454535024e-02
-5.908139392107262383e-02
-5.901098695146726053e-02
-5.894093201670992654e-02
-5.887122735662637940e-02
-5.880187121984324639e-02
-5.873286186374403195e-02
-5.866419755442531248e-02
-5.859587656665318778e-02
-5.852789718381991996e-02
-5.846025769790082205e-02
-5.839295640941132015e-02
-5.832599162736426535e-02
-5.825936166922744686e-02
-5.819306486088130642e-02
-5.812709953657690248e-02
-5.806146403889402008e-02
-5.799615671869955136e-02
-5.793117593510605651e-02
-5.786652005543052590e-02
-5.780218745515337125e-02
-5.773817651787760408e-02
-5.767448563528821542e-02
-5.761111320711177763e-02
-5.754805764107621957e-02
-5.748531735287083777e-02
-5.742289076610648108e-02
-5.736077631227595036e-02
-5.729897243071457175e-02
-5.723747756856099878e-02
-5.717629018071819502e-02
-5.711540872981460404e-02
-5.705483168616553441e-02
-5.699455752773470441e-02
-5.693458474009602949e-02
-5.687491181639554860e-02
-5.681553725731357252e-02
-5.675645957102700562e-02
-5.669767727317186895e-02
-5.663918888680601060e-02
-5.658099294237198262e-02
-5.652308797766012610e-02
-5.646547253777182279e-02
-5.640814517508296183e-02
-5.635110444920754524e-02
-5.629434892696150855e-02
-5.623787718232670096e-02
-5.618168779641506683e-02
-5.612577935743299357e-02
-5.607015046064582620e-02
-5.601479970834259692e-02
-5.595972570980088656e-02
-5.590492708125188032e-02
-5.585040244584561775e-02
-5.579615043361638854e-02
-5.574216968144830864e-02
-5.568845883304106986e-02
-5.563501653887586301e-02
-5.558184145618148136e-02
-5.552893224890057683e-02
-5.547628758765607571e-02
-5.542390614971779567e-02
-5.537178661896920845e-02
-5.531992768587436216e-02
-5.526832804744499089e-02
-5.521698640720776319e-02
-5.516590147517172471e-02
-5.511507196779586587e-02
-5.506449660795688372e-02
-5.501417412491709652e-02
-5.496410325429251092e-02
-5.491428273802104881e-02
-5.486471132433094061e-02
-5.481538776770928517e-02
-5.476631082887074148e-02
-5.471747927472638690e-02
-5.466889187835275582e-02
-5.462054741896098936e-02
-5.457244468186618624e-02
-5.452458245845685780e-02
-5.447695954616457031e-02
-5.442957474843374693e-02
-5.438242687469158065e-02
-5.433551474031812073e-02
-5.428883716661653258e-02
-5.424239298078344790e-02
-5.419618101587952985e-02
-5.415020011080013546e-02
-5.410444911024613751e-02
-5.405892686469490616e-02
-5.401363223037142919e-02
-5.396856406921957117e-02
-5.392372124887347129e-02
-5.387910264262910087e-02
-5.383470712941595265e-02
-5.379053359376887583e-02
-5.374658092580002905e-02
-5.370284802117102768e-02
-5.365933378106517437e-02
-5.361603711215984919e-02
-5.357295692659905240e-02
-5.353009214196605831e-02
-5.348744168125622866e-02
-5.344500447284995098e-02
-5.340277945048570174e-02
-5.336076555323327614e-02
-5.331896172546710805e-02
-5.327736691683977038e-02
-5.323598008225557260e-02
-5.319480018184429698e-02
-5.315382618093507372e-02
-5.311305705003040167e-02
-5.307249176478025243e-02
-5.303212930595634783e-02
-5.299196865942656931e-02
-5.295200881612943666e-02
-5.291224877204878801e-02
-5.287268752818854306e-02
-5.283332409054759815e-02
-5.279415747009486015e-02
-5.275518668274438439e-02
-5.271641074933066523e-02
-5.267782869558400999e-02
-5.263943955210609316e-02
-5.260124235434555928e-02
-5.256323614257383398e-02
-5.252541996186096268e-02
-5.248779286205165762e-02
-5.245035389774140022e-02
-5.241310212825269627e-02
-5.237603661761143503e-02
-5.233915643452338035e-02
-5.230246065235076569e-02
-5.226594834908901421e-02
-5.222961860734356976e-02
-5.219347051430685280e-02
-5.215750316173532047e-02
-5.212171564592664452e-02
-5.208610706769701421e-02
-5.205067653235852937e-02
-5.201542314969673925e-02
-5.198034603394825759e-02
-5.194544430377851657e-02
-5.191071708225962478e-02
-5.187616349684832928e-02
-5.184178267936408874e-02
-5.180757376596727137e-02
-5.177353589713743626e-02
-5.173966821765174640e-02
-5.170596987656348592e-02
-5.167244002718066748e-02
-5.163907782704476451e-02
-5.160588243790954072e-02
-5.157285302571999047e-02
-5.153998876059139034e-02
-5.150728881678843379e-02
-5.147475237270449089e-02
-5.144237861084096503e-02
-5.141016671778676078e-02
-5.137811588419782804e-02
-5.134622530477683799e-02
-5.131449417825295622e-02
-5.128292170736169220e-02
-5.125150709882488054e-02
-5.122024956333075946e-02
-5.118914831551410471e-02
-5.115820257393653703e-02
-5.112741156106685725e-02
-5.109677450326152032e-02
-5.106629063074521330e-02
-5.103595917759148892e-02
-5.100577938170353098e-02
-5.097575048479500992e-02
-5.094587173237103556e-02
-5.091614237370917923e-02
-5.088656166184063467e-02
-5.085712885353143448e-02
-5.082784320926377747e-02
-5.079870399321746027e-02
-5.076971047325137126e-02
-5.074086192088511638e-02
-5.071215761128069349e-02
-5.068359682322429172e-02
-5.065517883910816699e-02
-5.062690294491262871e-02
-5.059876843018806802e-02
-5.057077458803712483e-02
-5.054292071509693812e-02
-5.051520611152145179e-02
-5.048763008096384536e-02
-5.046019193055902713e-02
-5.043289097090623146e-02
-5.040572651605169929e-02
-5.037869788347144190e-02
-5.035180439405408798e-02
-5.032504537208382089e-02
-5.029842014522339921e-02
-5.027192804449728131e-02
-5.024556840427479160e-02
-5.021934056225341864e-02
-5.019324385944215483e-02
-5.016727764014494717e-02
-5.014144125194422430e-02
-5.011573404568449991e-02
-5.009015537545608021e-02
-5.006470459857879918e-02
-5.003938107558590642e-02
-5.001418417020797591e-02
-4.998911324935693262e-02
-6.500000000000000222e-02
-6.500000000000000222e-02
-6.500000000000000222e-02
-6.500000000000000222e-02
-6.500000000000000222e-02
-6.500000000000000222e-02
-6.500000000000000222e-02
-6.500000000000000222e-02
-6.500000000000000222e-02
-6.500000000000000222e-02
-6.500000000000000222e-02
-6.500000000000000222e-02
-6.500000000000000222e-02
-6.500000000000000222e-02
-6.500000000000000222e-02
-6.500000000000000222e-02
-6.500000000000000222e-02
-6.500000000000000222e-02
-6.500000000000000222e-02
-6.500000000000000222e-02
-6.489999999999999936e-02
-6.480049999999999699e-02
-6.470149749999999644e-02
-6.460299001250000006e-02
-6.450497506243750567e-02
-6.440745018712532022e-02
-6.431041293618969257e-02
-6.421386087150873778e-02
-6.411779156715119443e-02
-6.402220260931543172e-02
-6.392709159626885906e-02
-6.383245613828751608e-02
-6.373829385759607891e-02
-6.364460238830810246e-02
-6.355137937636656797e-02
-6.345862247948473589e-02
-6.336632936708731789e-02
-6.327449772025188490e-02
-6.318312523165062200e-02
-6.309220960549237478e-02
-6.300174855746491775e-02
-6.291173981467759746e-02
-6.282218111560421148e-02
-6.273307021002619277e-02
-6.264440485897605770e-02
-6.255618283468117324e-02
-6.246840192050776702e-02
-6.238105991090522884e-02
-6.229415461135070359e-02
-6.220768383829394788e-02
-6.212164541910247806e-02
-6.203603719200696809e-02
-6.195085700604693185e-02
-6.186610272101669694e-02
-6.178177220741161435e-02
-6.169786334637455960e-02
-6.161437402964268367e-02
-6.153130215949446924e-02
-6.144864564869699508e-02
-6.136640242045351273e-02
-6.128457040835124520e-02
-6.120314755630949094e-02
-6.112213181852794303e-02
-6.104152115943530660e-02
-6.096131355363813148e-02
-6.088150698586994314e-02
-6.080209945094059570e-02
-6.072308895368589560e-02
-6.064447350891746802e-02
-6.056625114137288018e-02
-6.048841988566601435e-02
-6.041097778623768372e-02
-6.033392289730649810e-02
-6.025725328281996557e-02
-6.018096701640586466e-02
-6.010506218132383865e-02
-6.002953687041721886e-02
-5.995438918606513234e-02
-5.987961724013480397e-02
-5.980521915393412907e-02
-5.973119305816446123e-02
-5.965753709287363593e-02
-5.958424940740926490e-02
-5.951132816037221773e-02
-5.943877151957035337e-02
-5.936657766197250136e-02
-5.929474477366263735e-02
-5.922327104979432238e-02
-5.915215469454535024e-02
-5.908139392107262383e-02
-5.901098695146726053e-02
-5.894093201670992654e-02
-5.887122735662637940e-02
-5.880187121984324639e-02
-5.873286186374403195e-02
-5.866419755442531248e-02
-5.859587656665318778e-02
-5.852789718381991996e-02
-5.846025769790082205e-02
-5.839295640941132015e-02
-5.832599162736426535e-02
-5.825936166922744686e-02
-5.819306486088130642e-02
-5.812709953657690248e-02
-5.806146403889402008e-02
-5.799615671869955136e-02
-5.793117593510605651e-02
-5.786652005543052590e-02
-5.780218745515337125e-02
-5.773817651787760408e-02
-5.767448563528821542e-02
-5.761111320711177763e-02
-5.754805764107621957e-02
-5.748531735287083777e-02
-5.742289076610648108e-02
-5.736077631227595036e-02
-5.729897243071457175e-02
-5.723747756856099878e-02
-5.717629018071819502e-02
-5.711540872981460404e-02
-5.705483168616553441e-02
-5.699455752773470441e-02
-5.693458474009602949e-02
-5.687491181639554860e-02
-5.681553725731357252e-02
-5.675645957102700562e-02
-5.669767727317186895e-02
-5.663918888680601060e-02
-5.658099294237198262e-02
-5.652308797766012610e-02
-5.646547253777182279e-02
-5.640814517508296183e-02
-5.635110444920754524e-02
-5.629434892696150855e-02
-5.623787718232670096e-02
-5.618168779641506683e-02
-5.612577935743299357e-02
-5.607015046064582620e-02
-5.601479970834259692e-02
-5.595972570980088656e-02
-5.590492708125188032e-02
-5.585040244584561775e-02
-5.579615043361638854e-02
-5.574216968144830864e-02
-5.568845883304106986e-02
-5.563501653887586301e-02
-5.558184145618148136e-02
-5.552893224890057683e-02
-5.547628758765607571e-02
-5.542390614971779567e-02
-5.537178661896920845e-02
-5.531992768587436216e-02
-5.526832804744499089e-02
-5.521698640720776319e-02
-5.516590147517172471e-02
-5.511507196779586587e-02
-5.506449660795688372e-02
-5.501417412491709652e-02
-5.496410325429251092e-02
-5.491428273802104881e-02
-5.486471132433094061e-02
-5.481538776770928517e-02
-5.476631082887074148e-02
-5.471747927472638690e-02
-5.466889187835275582e-02
-5.462054741896098936e-02
-5.457244468186618624e-02
-5.452458245845685780e-02
-5.447695954616457031e-02
-5.442957474843374693e-02
-5.438242687469158065e-02
-5.433551474031812073e-02
-5.428883716661653258e-02
-5.424239298078344790e-02
-5.419618101587952985e-02
-5.415020011080013546e-02
-5.410444911024613751e-02
-5.405892686469490616e-02
-5.401363223037142919e-02
-5.396856406921957117e-02
-5.392372124887347129e-02
-5.387910264262910087e-02
-5.383470712941595265e-02
-5.379053359376887583e-02
-5.374658092580002905e-02
-5.370284802117102768e-02
-5.365933378106517437e-02
-5.361603711215984919e-02
-5.357295692659905240e-02
-5.353009214196605831e-02
-5.348744168125622866e-02
-5.344500447284995098e-02
-5.340277945048570174e-02
-5.336076555323327614e-02
-5.331896172546710805e-02
-5.327736691683977038e-02
-5.323598008225557260e-02
-5.319480018184429698e-02
-5.315382618093507372e-02
-5.311305705003040167e-02
-5.307249176478025243e-02
-5.303212930595634783e-02
-5.299196865942656931e-02
-5.295200881612943666e-02
-5.291224877204878801e-02
-5.287268752818854306e-02
-5.283332409054759815e-02
-5.279415747009486015e-02
-5.275518668274438439e-02
-5.271641074933066523e-02
-5.267782869558400999e-02
-5.263943955210609316e-02
-5.260124235434555928e-02
-5.256323614257383398e-02
-5.252541996186096268e-02
-5.248779286205165762e-02
-5.245035389774140022e-02
-5.241310212825269627e-02
-5.237603661761143503e-02
-5.233915643452338035e-02
-5.230246065235076569e-02
-5.226594834908901421e-02
-5.222961860734356976e-02
-5.219347051430685280e-02
-5.215750316173532047e-02
-5.212171564592664452e-02
-5.208610706769701421e-02
-5.205067653235852937e-02
-5.201542314969673925e-02
-5.198034603394825759e-02
-5.194544430377851657e-02
-5.191071708225962478e-02
-5.187616349684832928e-02
-5.184178267936408874e-02
-5.180757376596727137e-02
-5.177353589713743626e-02
-5.173966821765174640e-02
-5.170596987656348592e-02
-5.167244002718066748e-02
-5.163907782704476451e-02
-5.160588243790954072e-02
-5.157285302571999047e-02
-5.153998876059139034e-02
-5.150728881678843379e-02
-5.147475237270449089e-02
-5.144237861084096503e-02
-5.141016671778676078e-02
-5.137811588419782804e-02
-5.134622530477683799e-02
-5.131449417825295622e-02
-5.128292170736169220e-02
-5.125150709882488054e-02
-5.122024956333075946e-02
-5.118914831551410471e-02
-5.115820257393653703e-02
-5.112741156106685725e-02
-5.109677450326152032e-02
-5.106629063074521330e-02
-5.103595917759148892e-02
-5.100577938170353098e-02
-5.097575048479500992e-02
-5.094587173237103556e-02
-5.091614237370917923e-02
-5.088656166184063467e-02
-5.085712885353143448e-02
-5.082784320926377747e-02
-5.079870399321746027e-02
-5.076971047325137126e-02
-5.074086192088511638e-02
-5.071215761128069349e-02
-5.068359682322429172e-02
-5.065517883910816699e-02
-5.062690294491262871e-02
-5.059876843018806802e-02
-5.057077458803712483e-02
-5.054292071509693812e-02
-5.051520611152145179e-02
-5.048763008096384536e-02
-5.046019193055902713e-02
-5.043289097090623146e-02
-5.040572651605169929e-02
-5.037869788347144190e-02
-5.035180439405408798e-02
-5.032504537208382089e-02
-5.029842014522339921e-02
-5.027192804449728131e-02
-5.024556840427479160e-02
-5.021934056225341864e-02
-5.019324385944215483e-02
-5.016727764014494717e-02
-5.014144125194422430e-02
-5.011573404568449991e-02
-5.009015537545608021e-02
-5.006470459857879918e-02
-5.003938107558590642e-02
-5.001418417020797591e-02
-4.998911324935693262e-02
-6.500000000000000222e-02
-6.500000000000000222e-02
-6.500000000000000222e-02
-6.500000000000000222e-02
-6.500000000000000222e-02
-6.500000000000000222e-02
-6.500000000000000222e-02
-6.500000000000000222e-02
-6.500000000000000222e-02
-6.500000000000000222e-02
-6.500000000000000222e-02
-6.500000000000000222e-02
-6.500000000000000222e-02
-6.500000000000000222e-02
-6.500000000000000222e-02
-6.500000000000000222e-02
-6.500000000000000222e-02
-6.500000000000000222e-02
-6.500000000000000222e-02
-6.500000000000000222e-02
-6.489999999999999936e-02
-6.480049999999999699e-02
-6.470149749999999644e-02
-6.460299001250000006e-02
-6.450497506243750567e-02
-6.440745018712532022e-02
-6.431041293618969257e-02
-6.421386087150873778e-02
-6.411779156715119443e-02
-6.402220260931543172e-02
-6.392709159626885906e-02
-6.383245613828751608e-02
-6.373829385759607891e-02
-6.364460238830810246e-02
-6.355137937636656797e-02
-6.345862247948473589e-02
-6.336632936708731789e-02
-6.327449772025188490e-02
-6.318312523165062200e-02
-6.309220960549237478e-02
-6.300174855746491775e-02
-6.291173981467759746e-02
-6.282218111560421148e-02
-6.273307021002619277e-02
-6.264440485897605770e-02
-6.255618283468117324e-02
-6.246840192050776702e-02
-6.238105991090522884e-02
-6.229415461135070359e-02
-6.220768383829394788e-02
-6.212164541910247806e-02
-6.203603719200696809e-02
-6.195085700604693185e-02
-6.186610272101669694e-02
-6.178177220741161435e-02
-6.169786334637455960e-02
-6.161437402964268367e-02
-6.153130215949446924e-02
-6.144864564869699508e-02
-6.136640242045351273e-02
-6.128457040835124520e-02
-6.120314755630949094e-02
-6.112213181852794303e-02
-6.104152115943530660e-02
-6.096131355363813148e-02
-6.088150698586994314e-02
-6.080209945094059570e-02
-6.072308895368589560e-02
-6.064447350891746802e-02
-6.056625114137288018e-02
-6.048841988566601435e-02
-6.041097778623768372e-02
-6.033392289730649810e-02
-6.025725328281996557e-02
-6.018096701640586466e-02
-6.010506218132383865e-02
-6.002953687041721886e-02
-5.995438918606513234e-02
-5.987961724013480397e-02
-5.980521915393412907e-02
-5.973119305816446123e-02
-5.965753709287363593e-02
-5.958424940740926490e-02
-5.951132816037221773e-02
-5.943877151957035337e-02
-5.936657766197250136e-02
-5.929474477366263735e-02
-5.922327104979432238e-02
-5.915215469454535024e-02
-5.908139392107262383e-02
-5.901098695146726053e-02
-5.894093201670992654e-02
-5.887122735662637940e-02
-5.880187121984324639e-02
-5.873286186374403195e-02
-5.866419755442531248e-02
-5.859587656665318778e-02
-5.852789718381991996e-02
-5.846025769790082205e-02
-5.839295640941132015e-02
-5.832599162736426535e-02
-5.825936166922744686e-02
-5.819306486088130642e-02
-5.812709953657690248e-02
-5.806146403889402008e-02
-5.799615671869955136e-02
-5.793117593510605651e-02
-5.786652005543052590e-02
-5.780218745515337125e-02
-5.773817651787760408e-02
-5.767448563528821542e-02
-5.761111320711177763e-02
-5.754805764107621957e-02
-5.748531735287083777e-02
-5.742289076610648108e-02
-5.736077631227595036e-02
-5.729897243071457175e-02
-5.723747756856099878e-02
-5.717629018071819502e-02
-5.711540872981460404e-02
-5.705483168616553441e-02
-5.699455752773470441e-02
-5.693458474009602949e-02
-5.687491181639554860e-02
-5.681553725731357252e-02
-5.675645957102700562e-02
-5.669767727317186895e-02
-5.663918888680601060e-02
-5.658099294237198262e-02
-5.652308797766012610e-02
-5.646547253777182279e-02
-5.640814517508296183e-02
-5.635110444920754524e-02
-5.629434892696150855e-02
-5.623787718232670096e-02
-5.618168779641506683e-02
-5.612577935743299357e-02
-5.607015046064582620e-02
-5.601479970834259692e-02
-5.595972570980088656e-02
-5.590492708125188032e-02
-5.585040244584561775e-02
-5.579615043361638854e-02
-5.574216968144830864e-02
-5.568845883304106986e-02
-5.563501653887586301e-02
-5.558184145618148136e-02
-5.552893224890057683e-02
-5.547628758765607571e-02
-5.542390614971779567e-02
-5.537178661896920845e-02
-5.531992768587436216e-02
-5.526832804744499089e-02
-5.521698640720776319e-02
-5.516590147517172471e-02
-5.511507196779586587e-02
-5.506449660795688372e-02
-5.501417412491709652e-02
-5.496410325429251092e-02
-5.491428273802104881e-02
-5.486471132433094061e-02
-5.481538776770928517e-02
-5.476631082887074148e-02
-5.471747927472638690e-02
-5.466889187835275582e-02
-5.462054741896098936e-02
-5.457244468186618624e-02
-5.452458245845685780e-02
-5.447695954616457031e-02
-5.442957474843374693e-02
-5.438242687469158065e-02
-5.433551474031812073e-02
-5.428883716661653258e-02
-5.424239298078344790e-02
-5.419618101587952985e-02
-5.415020011080013546e-02
-5.410444911024613751e-02
-5.405892686469490616e-02
-5.401363223037142919e-02
-5.396856406921957117e-02
-5.392372124887347129e-02
-5.387910264262910087e-02
-5.383470712941595265e-02
-5.379053359376887583e-02
-5.374658092580002905e-02
-5.370284802117102768e-02
-5.365933378106517437e-02
-5.361603711215984919e-02
-5.357295692659905240e-02
-5.353009214196605831e-02
-5.348744168125622866e-02
-5.344500447284995098e-02
-5.340277945048570174e-02
-5.336076555323327614e-02
-5.331896172546710805e-02
-5.327736691683977038e-02
-5.323598008225557260e-02
-5.319480018184429698e-02
-5.315382618093507372e-02
-5.311305705003040167e-02
-5.307249176478025243e-02
-5.303212930595634783e-02
-5.299196865942656931e-02
-5.295200881612943666e-02
-5.291224877204878801e-02
-5.287268752818854306e-02
-5.283332409054759815e-02
-5.279415747009486015e-02
-5.275518668274438439e-02
-5.271641074933066523e-02
-5.267782869558400999e-02
-5.263943955210609316e-02
-5.260124235434555928e-02
-5.256323614257383398e-02
-5.252541996186096268e-02
-5.248779286205165762e-02
-5.245035389774140022e-02
-5.241310212825269627e-02
-5.237603661761143503e-02
-5.233915643452338035e-02
-5.230246065235076569e-02
-5.226594834908901421e-02
-5.222961860734356976e-02
-5.219347051430685280e-02
-5.215750316173532047e-02
-5.212171564592664452e-02
-5.208610706769701421e-02
-5.205067653235852937e-02
-5.201542314969673925e-02
-5.198034603394825759e-02
-5.194544430377851657e-02
-5.191071708225962478e-02
-5.187616349684832928e-02
-5.184178267936408874e-02
-5.180757376596727137e-02
-5.177353589713743626e-02
-5.173966821765174640e-02
-5.170596987656348592e-02
-5.167244002718066748e-02
-5.163907782704476451e-02
-5.160588243790954072e-02
-5.157285302571999047e-02
-5.153998876059139034e-02
-5.150728881678843379e-02
-5.147475237270449089e-02
-5.144237861084096503e-02
-5.141016671778676078e-02
-5.137811588419782804e-02
-5.134622530477683799e-02
-5.131449417825295622e-02
-5.128292170736169220e-02
-5.125150709882488054e-02
-5.122024956333075946e-02
-5.118914831551410471e-02
-5.115820257393653703e-02
-5.112741156106685725e-02
-5.109677450326152032e-02
-5.106629063074521330e-02
-5.103595917759148892e-02
-5.100577938170353098e-02
-5.097575048479500992e-02
-5.094587173237103556e-02
-5.091614237370917923e-02
-5.088656166184063467e-02
-5.085712885353143448e-02
-5.082784320926377747e-02
-5.079870399321746027e-02
-5.076971047325137126e-02
-5.074086192088511638e-02
-5.071215761128069349e-02
-5.068359682322429172e-02
-5.065517883910816699e-02
-5.062690294491262871e-02
-5.059876843018806802e-02
-5.057077458803712483e-02
-5.054292071509693812e-02
-5.051520611152145179e-02
-5.048763008096384536e-02
-5.046019193055902713e-02
-5.043289097090623146e-02
-5.040572651605169929e-02
-5.037869788347144190e-02
-5.035180439405408798e-02
-5.032504537208382089e-02
-5.029842014522339921e-02
-5.027192804449728131e-02
-5.024556840427479160e-02
-5.021934056225341864e-02
-5.019324385944215483e-02
-5.016727764014494717e-02
-5.014144125194422430e-02
-5.011573404568449991e-02
-5.009015537545608021e-02
-5.006470459857879918e-02
-5.003938107558590642e-02
-5.001418417020797591e-02
-4.998911324935693262e-02
-6.500000000000000222e-02
-6.500000000000000222e-02
-6.500000000000000222e-02
-6.500000000000000222e-02
-6.500000000000000222e-02
-6.500000000000000222e-02
-6.500000000000000222e-02
-6.500000000000000222e-02
-6.500000000000000222e-02
-6.500000000000000222e-02
-6.500000000000000222e-02
-6.500000000000000222e-02
-6.500000000000000222e-02
-6.500000000000000222e-02
-6.500000000000000222e-02
-6.500000000000000222e-02
-6.500000000000000222e-02
-6.500000000000000222e-02
-6.500000000000000222e-02
-6.500000000000000222e-02
-6.489999999999999936e-02
-6.480049999999999699e-02
-6.470149749999999644e-02
-6.460299001250000006e-02
-6.450497506243750567e-02
-6.440745018712532022e-02
-6.431041293618969257e-02
-6.421386087150873778e-02
-6.411779156715119443e-02
-6.402220260931543172e-02
-6.392709159626885906e-02
-6.383245613828751608e-02
-6.373829385759607891e-02
-6.364460238830810246e-02
-6.355137937636656797e-02
-6.345862247948473589e-02
-6.336632936708731789e-02
-6.327449772025188490e-02
-6.318312523165062200e-02
-6.309220960549237478e-02
-6.300174855746491775e-02
-6.291173981467759746e-02
-6.282218111560421148e-02
-6.273307021002619277e-02
-6.264440485897605770e-02
-6.255618283468117324e-02
-6.246840192050776702e-02
-6.238105991090522884e-02
-6.229415461135070359e-02
-6.220768383829394788e-02
-6.212164541910247806e-02
-6.203603719200696809e-02
-6.195085700604693185e-02
-6.186610272101669694e-02
-6.178177220741161435e-02
-6.169786334637455960e-02
-6.161437402964268367e-02
-6.153130215949446924e-02
-6.144864564869699508e-02
-6.136640242045351273e-02
-6.128457040835124520e-02
-6.120314755630949094e-02
-6.112213181852794303e-02
-6.104152115943530660e-02
-6.096131355363813148e-02
-6.088150698586994314e-02
-6.080209945094059570e-02
-6.072308895368589560e-02
-6.064447350891746802e-02
-6.056625114137288018e-02
-6.048841988566601435e-02
-6.041097778623768372e-02
-6.033392289730649810e-02
-6.025725328281996557e-02
-6.018096701640586466e-02
-6.010506218132383865e-02
-6.002953687041721886e-02
-5.995438918606513234e-02
-5.987961724013480397e-02
-5.980521915393412907e-02
-5.973119305816446123e-02
-5.965753709287363593e-02
-5.958424940740926490e-02
-5.951132816037221773e-02
-5.943877151957035337e-02
-5.936657766197250136e-02
-5.929474477366263735e-02
-5.922327104979432238e-02
-5.915215469454535024e-02
-5.908139392107262383e-02
-5.901098695146726053e-02
-5.894093201670992654e-02
-5.887122735662637940e-02
-5.880187121984324639e-02
-5.873286186374403195e-02
-5.866419755442531248e-02
-5.859587656665318778e-02
-5.852789718381991996e-02
-5.846025769790082205e-02
-5.839295640941132015e-02
-5.832599162736426535e-02
-5.825936166922744686e-02
-5.819306486088130642e-02
-5.812709953657690248e-02
-5.806146403889402008e-02
-5.799615671869955136e-02
-5.793117593510605651e-02
-5.786652005543052590e-02
-5.780218745515337125e-02
-5.773817651787760408e-02
-5.767448563528821542e-02
-5.761111320711177763e-02
-5.754805764107621957e-02
-5.748531735287083777e-02
-5.742289076610648108e-02
-5.736077631227595036e-02
-5.729897243071457175e-02
-5.723747756856099878e-02
-5.717629018071819502e-02
-5.711540872981460404e-02
-5.705483168616553441e-02
-5.699455752773470441e-02
-5.693458474009602949e-02
-5.687491181639554860e-02
-5.681553725731357252e-02
-5.675645957102700562e-02
-5.669767727317186895e-02
-5.663918888680601060e-02
-5.658099294237198262e-02
-5.652308797766012610e-02
-5.646547253777182279e-02
-5.640814517508296183e-02
-5.635110444920754524e-02
-5.629434892696150855e-02
-5.623787718232670096e-02
-5.618168779641506683e-02
-5.612577935743299357e-02
-5.607015046064582620e-02
-5.601479970834259692e-02
-5.595972570980088656e-02
-5.590492708125188032e-02
-5.585040244584561775e-02
-5.579615043361638854e-02
-5.574216968144830864e-02
-5.568845883304106986e-02
-5.563501653887586301e-02
-5.558184145618148136e-02
-5.552893224890057683e-02
-5.547628758765607571e-02
-5.542390614971779567e-02
-5.537178661896920845e-02
-5.531992768587436216e-02
-5.526832804744499089e-02
-5.521698640720776319e-02
-5.516590147517172471e-02
-5.511507196779586587e-02
-5.506449660795688372e-02
-5.501417412491709652e-02
-5.496410325429251092e-02
-5.491428273802104881e-02
-5.486471132433094061e-02
-5.481538776770928517e-02
-5.476631082887074148e-02
-5.471747927472638690e-02
-5.466889187835275582e-02
-5.462054741896098936e-02
-5.457244468186618624e-02
-5.452458245845685780e-02
-5.447695954616457031e-02
-5.442957474843374693e-02
-5.438242687469158065e-02
-5.433551474031812073e-02
-5.428883716661653258e-02
-5.424239298078344790e-02
-5.419618101587952985e-02
-5.415020011080013546e-02
-5.410444911024613751e-02
-5.405892686469490616e-02
-5.401363223037142919e-02
-5.396856406921957117e-02
-5.392372124887347129e-02
-5.387910264262910087e-02
-5.383470712941595265e-02
-5.379053359376887583e-02
-5.374658092580002905e-02
-5.370284802117102768e-02
-5.365933378106517437e-02
-5.361603711215984919e-02
-5.357295692659905240e-02
-5.353009214196605831e-02
-5.348744168125622866e-02
-5.344500447284995098e-02
-5.340277945048570174e-02
-5.336076555323327614e-02
-5.331896172546710805e-02
-5.327736691683977038e-02
-5.323598008225557260e-02
-5.319480018184429698e-02
-5.315382618093507372e-02
-5.311305705003040167e-02
-5.307249176478025243e-02
-5.303212930595634783e-02
-5.299196865942656931e-02
-5.295200881612943666e-02
-5.291224877204878801e-02
-5.287268752818854306e-02
-5.283332409054759815e-02
-5.279415747009486015e-02
-5.275518668274438439e-02
-5.271641074933066523e-02
-5.267782869558400999e-02
-5.263943955210609316e-02
-5.260124235434555928e-02
-5.256323614257383398e-02
-5.252541996186096268e-02
-5.248779286205165762e-02
-5.245035389774140022e-02
-5.241310212825269627e-02
-5.237603661761143503e-02
-5.233915643452338035e-02
-5.230246065235076569e-02
-5.226594834908901421e-02
-5.222961860734356976e-02
-5.219347051430685280e-02
-5.215750316173532047e-02
-5.212171564592664452e-02
-5.208610706769701421e-02
-5.205067653235852937e-02
-5.201542314969673925e-02
-5.198034603394825759e-02
-5.194544430377851657e-02
-5.191071708225962478e-02
-5.187616349684832928e-02
-5.184178267936408874e-02
-5.180757376596727137e-02
-5.177353589713743626e-02
-5.173966821765174640e-02
-5.170596987656348592e-02
-5.167244002718066748e-02
-5.163907782704476451e-02
-5.160588243790954072e-02
-5.157285302571999047e-02
-5.153998876059139034e-02
-5.150728881678843379e-02
-5.147475237270449089e-02
-5.144237861084096503e-02
-5.141016671778676078e-02
-5.137811588419782804e-02
-5.134622530477683799e-02
-5.131449417825295622e-02
-5.128292170736169220e-02
-5.125150709882488054e-02
-5.122024956333075946e-02
-5.118914831551410471e-02
-5.115820257393653703e-02
-5.112741156106685725e-02
-5.109677450326152032e-02
-5.106629063074521330e-02
-5.103595917759148892e-02
-5.100577938170353098e-02
-5.097575048479500992e-02
-5.094587173237103556e-02
-5.091614237370917923e-02
-5.088656166184063467e-02
-5.085712885353143448e-02
-5.082784320926377747e-02
-5.079870399321746027e-02
-5.076971047325137126e-02
-5.074086192088511638e-02
-5.071215761128069349e-02
-5.068359682322429172e-02
-5.065517883910816699e-02
-5.062690294491262871e-02
-5.059876843018806802e-02
-5.057077458803712483e-02
-5.054292071509693812e-02
-5.051520611152145179e-02
-5.048763008096384536e-02
-5.046019193055902713e-02
-5.043289097090623146e-02
-5.040572651605169929e-02
-5.037869788347144190e-02
-5.035180439405408798e-02
-5.032504537208382089e-02
-5.029842014522339921e-02
-5.027192804449728131e-02
-5.024556840427479160e-02
-5.021934056225341864e-02
-5.019324385944215483e-02
-5.016727764014494717e-02
-5.014144125194422430e-02
-5.011573404568449991e-02
-5.009015537545608021e-02
-5.006470459857879918e-02
-5.003938107558590642e-02
-5.001418417020797591e-02
-4.998911324935693262e-02
-6.500000000000000222e-02
-6.500000000000000222e-02
-6.500000000000000222e-02
-6.500000000000000222e-02
-6.500000000000000222e-02
-6.500000000000000222e-02
-6.500000000000000222e-02
-6.500000000000000222e-02
-6.500000000000000222e-02
-6.500000000000000222e-02
-6.500000000000000222e-02
-6.500000000000000222e-02
-6.500000000000000222e-02
-6.500000000000000222e-02
-6.500000000000000222e-02
-6.500000000000000222e-02
-6.500000000000000222e-02
-6.500000000000000222e-02
-6.500000000000000222e-02
-6.500000000000000222e-02
-6.489999999999999936e-02
-6.480049999999999699e-02
-6.470149749999999644e-02
-6.460299001250000006e-02
-6.450497506243750567e-02
-6.440745018712532022e-02
-6.431041293618969257e-02
-6.421386087150873778e-02
-6.411779156715119443e-02
-6.402220260931543172e-02
-6.392709159626885906e-02
-6.383245613828751608e-02
-6.373829385759607891e-02
-6.364460238830810246e-02
-6.355137937636656797e-02
-6.345862247948473589e-02
-6.336632936708731789e-02
-6.327449772025188490e-02
-6.318312523165062200e-02
-6.309220960549237478e-02
-6.300174855746491775e-02
-6.291173981467759746e-02
-6.282218111560421148e-02
-6.273307021002619277e-02
-6.264440485897605770e-02
-6.255618283468117324e-02
-6.246840192050776702e-02
-6.238105991090522884e-02
-6.229415461135070359e-02
-6.220768383829394788e-02
-6.212164541910247806e-02
-6.203603719200696809e-02
-6.195085700604693185e-02
-6.186610272101669694e-02
-6.178177220741161435e-02
-6.169786334637455960e-02
-6.161437402964268367e-02
-6.153130215949446924e-02
-6.144864564869699508e-02
-6.136640242045351273e-02
-6.128457040835124520e-02
-6.120314755630949094e-02
-6.112213181852794303e-02
-6.104152115943530660e-02
-6.096131355363813148e-02
-6.088150698586994314e-02
-6.080209945094059570e-02
-6.072308895368589560e-02
-6.064447350891746802e-02
-6.056625114137288018e-02
-6.048841988566601435e-02
-6.041097778623768372e-02
-6.033392289730649810e-02
-6.025725328281996557e-02
-6.018096701640586466e-02
-6.010506218132383865e-02
-6.002953687041721886e-02
-5.995438918606513234e-02
-5.987961724013480397e-02
-5.980521915393412907e-02
-5.973119305816446123e-02
-5.965753709287363593e-02
-5.958424940740926490e-02
-5.951132816037221773e-02
-5.943877151957035337e-02
-5.936657766197250136e-02
-5.929474477366263735e-02
-5.922327104979432238e-02
-5.915215469454535024e-02
-5.908139392107262383e-02
-5.901098695146726053e-02
-5.894093201670992654e-02
-5.887122735662637940e-02
-5.880187121984324639e-02
-5.873286186374403195e-02
-5.866419755442531248e-02
-5.859587656665318778e-02
-5.852789718381991996e-02
-5.846025769790082205e-02
-5.839295640941132015e-02
-5.832599162736426535e-02
-5.825936166922744686e-02
-5.819306486088130642e-02
-5.812709953657690248e-02
-5.806146403889402008e-02
-5.799615671869955136e-02
-5.793117593510605651e-02
-5.786652005543052590e-02
-5.780218745515337125e-02
-5.773817651787760408e-02
-5.767448563528821542e-02
-5.761111320711177763e-02
-5.754805764107621957e-02
-5.748531735287083777e-02
-5.742289076610648108e-02
-5.736077631227595036e-02
-5.729897243071457175e-02
-5.723747756856099878e-02
-5.717629018071819502e-02
-5.711540872981460404e-02
-5.705483168616553441e-02
-5.699455752773470441e-02
-5.693458474009602949e-02
-5.687491181639554860e-02
-5.681553725731357252e-02
-5.675645957102700562e-02
-5.669767727317186895e-02
-5.663918888680601060e-02
-5.658099294237198262e-02
-5.652308797766012610e-02
-5.646547253777182279e-02
-5.640814517508296183e-02
-5.635110444920754524e-02
-5.629434892696150855e-02
-5.623787718232670096e-02
-5.618168779641506683e-02
-5.612577935743299357e-02
-5.607015046064582620e-02
-5.601479970834259692e-02
-5.595972570980088656e-02
-5.590492708125188032e-02
-5.585040244584561775e-02
-5.579615043361638854e-02
-5.574216968144830864e-02
-5.568845883304106986e-02
-5.563501653887586301e-02
-5.558184145618148136e-02
-5.552893224890057683e-02
-5.547628758765607571e-02
-5.542390614971779567e-02
-5.537178661896920845e-02
-5.531992768587436216e-02
-5.526832804744499089e-02
-5.521698640720776319e-02
-5.516590147517172471e-02
-5.511507196779586587e-02
-5.506449660795688372e-02
-5.501417412491709652e-02
-5.496410325429251092e-02
-5.491428273802104881e-02
-5.486471132433094061e-02
-5.481538776770928517e-02
-5.476631082887074148e-02
-5.471747927472638690e-02
-5.466889187835275582e-02
-5.462054741896098936e-02
-5.457244468186618624e-02
-5.452458245845685780e-02
-5.447695954616457031e-02
-5.442957474843374693e-02
-5.438242687469158065e-02
-5.433551474031812073e-02
-5.428883716661653258e-02
-5.424239298078344790e-02
-5.419618101587952985e-02
-5.415020011080013546e-02
-5.410444911024613751e-02
-5.405892686469490616e-02
-5.401363223037142919e-02
-5.396856406921957117e-02
-5.392372124887347129e-02
-5.387910264262910087e-02
-5.383470712941595265e-02
-5.379053359376887583e-02
-5.374658092580002905e-02
-5.370284802117102768e-02
-5.365933378106517437e-02
-5.361603711215984919e-02
-5.357295692659905240e-02
-5.353009214196605831e-02
-5.348744168125622866e-02
-5.344500447284995098e-02
-5.340277945048570174e-02
-5.336076555323327614e-02
-5.331896172546710805e-02
-5.327736691683977038e-02
-5.323598008225557260e-02
-5.319480018184429698e-02
-5.315382618093507372e-02
-5.311305705003040167e-02
-5.307249176478025243e-02
-5.303212930595634783e-02
-5.299196865942656931e-02
-5.295200881612943666e-02
-5.291224877204878801e-02
-5.287268752818854306e-02
-5.283332409054759815e-02
-5.279415747009486015e-02
-5.275518668274438439e-02
-5.271641074933066523e-02
-5.267782869558400999e-02
-5.263943955210609316e-02
-5.260124235434555928e-02
-5.256323614257383398e-02
-5.252541996186096268e-02
-5.248779286205165762e-02
-5.245035389774140022e-02
-5.241310212825269627e-02
-5.237603661761143503e-02
-5.233915643452338035e-02
-5.230246065235076569e-02
-5.226594834908901421e-02
-5.222961860734356976e-02
-5.219347051430685280e-02
-5.215750316173532047e-02
-5.212171564592664452e-02
-5.208610706769701421e-02
-5.205067653235852937e-02
-5.201542314969673925e-02
-5.198034603394825759e-02
-5.194544430377851657e-02
-5.191071708225962478e-02
-5.187616349684832928e-02
-5.184178267936408874e-02
-5.180757376596727137e-02
-5.177353589713743626e-02
-5.173966821765174640e-02
-5.170596987656348592e-02
-5.167244002718066748e-02
-5.163907782704476451e-02
-5.160588243790954072e-02
-5.157285302571999047e-02
-5.153998876059139034e-02
-5.150728881678843379e-02
-5.147475237270449089e-02
-5.144237861084096503e-02
-5.141016671778676078e-02
-5.137811588419782804e-02
-5.134622530477683799e-02
-5.131449417825295622e-02
-5.128292170736169220e-02
-5.125150709882488054e-02
-5.122024956333075946e-02
-5.118914831551410471e-02
-5.115820257393653703e-02
-5.112741156106685725e-02
-5.109677450326152032e-02
-5.106629063074521330e-02
-5.103595917759148892e-02
-5.100577938170353098e-02
-5.097575048479500992e-02
-5.094587173237103556e-02
-5.091614237370917923e-02
-5.088656166184063467e-02
-5.085712885353143448e-02
-5.082784320926377747e-02
-5.079870399321746027e-02
-5.076971047325137126e-02
-5.074086192088511638e-02
-5.071215761128069349e-02
-5.068359682322429172e-02
-5.065517883910816699e-02
-5.062690294491262871e-02
-5.059876843018806802e-02
-5.057077458803712483e-02
-5.054292071509693812e-02
-5.051520611152145179e-02
-5.048763008096384536e-02
-5.046019193055902713e-02
-5.043289097090623146e-02
-5.040572651605169929e-02
-5.037869788347144190e-02
-5.035180439405408798e-02
-5.032504537208382089e-02
-5.029842014522339921e-02
-5.027192804449728131e-02
-5.024556840427479160e-02
-5.021934056225341864e-02
-5.019324385944215483e-02
-5.016727764014494717e-02
-5.014144125194422430e-02
-5.011573404568449991e-02
-5.009015537545608021e-02
-5.006470459857879918e-02
-5.003938107558590642e-02
-5.001418417020797591e-02
-4.998911324935693262e-02
-6.500000000000000222e-02
-6.500000000000000222e-02
-6.500000000000000222e-02
-6.500000000000000222e-02
-6.500000000000000222e-02
-6.500000000000000222e-02
-6.500000000000000222e-02
-6.500000000000000222e-02
-6.500000000000000222e-02
-6.500000000000000222e-02
-6.500000000000000222e-02
-6.500000000000000222e-02
-6.500000000000000222e-02
-6.500000000000000222e-02
-6.500000000000000222e-02
-6.500000000000000222e-02
-6.500000000000000222e-02
-6.500000000000000222e-02
-6.500000000000000222e-02
-6.500000000000000222e-02
-6.489999999999999936e-02
-6.480049999999999699e-02
-6.470149749999999644e-02
-6.460299001250000006e-02
-6.450497506243750567e-02
-6.440745018712532022e-02
-6.431041293618969257e-02
-6.421386087150873778e-02
-6.411779156715119443e-02
-6.402220260931543172e-02
-6.392709159626885906e-02
-6.383245613828751608e-02
-6.373829385759607891e-02
-6.364460238830810246e-02
-6.355137937636656797e-02
-6.345862247948473589e-02
