-6.489250000000000573e-02
-6.478553750000000389e-02
-6.467910981250001023e-02
-6.457321426343751170e-02
-6.446784819212032780e-02
-6.436300895115971976e-02
-6.425869390640391587e-02
-6.415490043687190058e-02
-6.405162593468753662e-02
-6.394886780501410350e-02
-6.384662346598903027e-02
-6.374489034865908621e-02
-6.364366589691579368e-02
-6.354294756743121553e-02
-6.344273282959406179e-02
-6.334301916544608779e-02
-6.324380406961885304e-02
-6.314508504927075772e-02
-6.304685962402439836e-02
-6.294912532590427046e-02
-6.285187969927474860e-02
-6.275512030077837200e-02
-6.265884469927447686e-02
-6.256305047577810641e-02
-6.246773522339921919e-02
-6.237289654728222360e-02
-6.227853206454581070e-02
-6.218463940422307851e-02
-6.209121620720196161e-02
-6.199826012616595217e-02
-6.190576882553511934e-02
-6.181373998140744092e-02
-6.172217128150040560e-02
-6.163106042509290672e-02
-6.154040512296744120e-02
-6.145020309735260700e-02
-6.136045208186584332e-02
-6.127114982145651090e-02
-6.118229407234922895e-02
-6.109388260198748283e-02
-6.100591318897754384e-02
-6.091838362303265281e-02
-6.083129170491748811e-02
-6.074463524639289735e-02
-6.065841207016093445e-02
-6.057262000981013250e-02
-6.048725690976108210e-02
-6.040232062521227324e-02
-6.031780902208621481e-02
-6.023371997697578306e-02
-6.015005137709090316e-02
-6.006680112020544582e-02
-5.998396711460441538e-02
-5.990154727903139464e-02
-5.981953954263623946e-02
-5.973794184492305787e-02
-5.965675213569844593e-02
-5.957596837501995257e-02
-5.949558853314484974e-02
-5.941561059047912458e-02
-5.933603253752672835e-02
-5.925685237483909601e-02
-5.917806811296490166e-02
-5.909967777240007769e-02
-5.902167938353807680e-02
-5.894407098662038380e-02
-5.886685063168728416e-02
-5.879001637852884765e-02
-5.871356629663620347e-02
-5.863749846515302344e-02
-5.856181097282725512e-02
-5.848650191796311848e-02
-5.841156940837330391e-02
-5.833701156133144078e-02
-5.826282650352478110e-02
-5.818901237100715385e-02
-5.811556730915212049e-02
-5.804248947260635949e-02
-5.796977702524332837e-02
-5.789742814011711314e-02
-5.782544099941652749e-02
-5.775381379441944796e-02
-5.768254472544735029e-02
-5.761163200182011640e-02
-5.754107384181101487e-02
-5.747086847260195891e-02
-5.740101413023895177e-02
-5.733150905958775412e-02
-5.726235151428981512e-02
-5.719353975671836315e-02
-5.712507205793477399e-02
-5.705694669764509869e-02
-5.698916196415687585e-02
-5.692171615433608972e-02
-5.685460757356441269e-02
-5.678783453569659356e-02
-5.672139536301810947e-02
-5.665528838620301905e-02
-5.658951194427200293e-02
-5.652406438455064019e-02
-5.645894406262788601e-02
-5.639414934231474358e-02
-5.632967859560317203e-02
-5.626553020262515387e-02
-5.620170255161202610e-02
-5.613819403885396409e-02
-5.607500306865969425e-02
-5.601212805331639427e-02
-5.594956741304981523e-02
-5.588731957598456340e-02
-5.582538297810463873e-02
-5.576375606321411216e-02
-5.570243728289803881e-02
-5.564142509648355162e-02
-5.558071797100113537e-02
-5.552031438114612971e-02
-5.546021280924039870e-02
-5.540041174519419465e-02
-5.534090968646822317e-02
-5.528170513803588176e-02
-5.522279661234569953e-02
-5.516418262928397126e-02
-5.510586171613755108e-02
-5.504783240755686119e-02
-5.499009324551907413e-02
-5.493264277929147538e-02
-5.487547956539502031e-02
-5.481860216756804377e-02
-5.476200915673020558e-02
-5.470569911094655402e-02
-5.464967061539181825e-02
-5.459392226231486039e-02
-5.453845265100328715e-02
-5.448326038774826963e-02
-5.442834408580952965e-02
-5.437370236538047880e-02
-5.431933385355357941e-02
-5.426523718428580972e-02
-5.421141099836437882e-02
-5.415785394337255948e-02
-5.410456467365569455e-02
-5.405154185028741842e-02
-5.399878414103598256e-02
-5.394629022033080312e-02
-5.389405876922914729e-02
-5.384208847538300008e-02
-5.379037803300608378e-02
-5.373892614284105085e-02
-5.368773151212684336e-02
-5.363679285456621204e-02
-5.358610889029338104e-02
-5.353567834584191387e-02
-5.348549995411270436e-02
-5.343557245434214092e-02
-5.338589459207043059e-02
-5.333646511911007554e-02
-5.328728279351452324e-02
-5.323834637954694832e-02
-5.318965464764921491e-02
-5.314120637441097084e-02
-5.309300034253891520e-02
-5.304503534082621874e-02
-5.299731016412208978e-02
-5.294982361330147907e-02
-5.290257449523497191e-02
-5.285556162275879821e-02
-5.280878381464500226e-02
-5.276223989557177890e-02
-5.271592869609392079e-02
-5.266984905261345301e-02
-5.262399980735038563e-02
-5.257837980831363278e-02
-5.253298790927206363e-02
-5.248782296972570593e-02
-5.244288385487707455e-02
-5.239816943560268725e-02
-5.235367858842467081e-02
-5.230941019548254745e-02
-5.226536314450513226e-02
-5.222153632878260426e-02
-5.217792864713868828e-02
-5.213453900390299656e-02
-5.209136630888348135e-02
-5.204840947733906098e-02
-5.200566742995236386e-02
-5.196313909280260435e-02
-5.192082339733859048e-02
-5.187871928035189817e-02
-5.183682568395013568e-02
-5.179514155553038846e-02
-5.175366584775273338e-02
-5.171239751851396810e-02
-5.167133553092139592e-02
-5.163047885326679104e-02
-5.158982645900045405e-02
-5.154937732670545475e-02
-5.150913044007193048e-02
-5.146908478787157182e-02
-5.142923936393221235e-02
-5.138959316711255026e-02
-5.135014520127698795e-02
-5.131089447527060338e-02
-5.127184000289425336e-02
-5.123298080287978090e-02
-5.119431589886538209e-02
-5.115584431937105631e-02
-5.111756509777420215e-02
-5.107947727228533130e-02
-5.104157988592390727e-02
-5.100387198649428827e-02
-5.096635262656181581e-02
-5.092902086342900730e-02
-5.089187575911185979e-02
-5.085491638031629930e-02
-5.081814179841472046e-02
-5.078155108942264406e-02
-5.074514333397553423e-02
-5.070891761730565717e-02
-5.067287302921912734e-02
-5.063700866407302992e-02
-5.060132362075266815e-02
-5.056581700264890789e-02
-5.053048791763566083e-02
-5.049533547804748584e-02
-5.046035880065724566e-02
-5.042555700665395796e-02
-5.039092922162068805e-02
-5.035647457551258727e-02
-5.032219220263502157e-02
-5.028808124162184590e-02
-5.025414083541373395e-02
-5.022037013123666765e-02
-5.018676828058048212e-02
-5.015333443917757705e-02
-5.012006776698169075e-02
-5.008696742814678499e-02
-5.005403259100604796e-02
-5.002126242805101514e-02
-4.998865611591075953e-02
-6.500000000000000222e-02
-6.500000000000000222e-02
-6.500000000000000222e-02
-6.500000000000000222e-02
-6.500000000000000222e-02
-6.500000000000000222e-02
-6.500000000000000222e-02
-6.500000000000000222e-02
-6.500000000000000222e-02
-6.500000000000000222e-02
-6.500000000000000222e-02
-6.500000000000000222e-02
-6.500000000000000222e-02
-6.500000000000000222e-02
-6.500000000000000222e-02
-6.500000000000000222e-02
-6.500000000000000222e-02
-6.500000000000000222e-02
-6.500000000000000222e-02
-6.500000000000000222e-02
-6.489250000000000573e-02
-6.478553750000000389e-02
-6.467910981250001023e-02
-6.457321426343751170e-02
-6.446784819212032780e-02
-6.436300895115971976e-02
-6.425869390640391587e-02
-6.415490043687190058e-02
-6.405162593468753662e-02
-6.394886780501410350e-02
-6.384662346598903027e-02
-6.374489034865908621e-02
-6.364366589691579368e-02
-6.354294756743121553e-02
-6.344273282959406179e-02
-6.334301916544608779e-02
-6.324380406961885304e-02
-6.314508504927075772e-02
-6.304685962402439836e-02
-6.294912532590427046e-02
-6.285187969927474860e-02
-6.275512030077837200e-02
-6.265884469927447686e-02
-6.256305047577810641e-02
-6.246773522339921919e-02
-6.237289654728222360e-02
-6.227853206454581070e-02
-6.218463940422307851e-02
-6.209121620720196161e-02
-6.199826012616595217e-02
-6.190576882553511934e-02
-6.181373998140744092e-02
-6.172217128150040560e-02
-6.163106042509290672e-02
-6.154040512296744120e-02
-6.145020309735260700e-02
-6.136045208186584332e-02
-6.127114982145651090e-02
-6.118229407234922895e-02
-6.109388260198748283e-02
-6.100591318897754384e-02
-6.091838362303265281e-02
-6.083129170491748811e-02
-6.074463524639289735e-02
-6.065841207016093445e-02
-6.057262000981013250e-02
-6.048725690976108210e-02
-6.040232062521227324e-02
-6.031780902208621481e-02
-6.023371997697578306e-02
-6.015005137709090316e-02
-6.006680112020544582e-02
-5.998396711460441538e-02
-5.990154727903139464e-02
-5.981953954263623946e-02
-5.973794184492305787e-02
-5.965675213569844593e-02
-5.957596837501995257e-02
-5.949558853314484974e-02
-5.941561059047912458e-02
-5.933603253752672835e-02
-5.925685237483909601e-02
-5.917806811296490166e-02
-5.909967777240007769e-02
-5.902167938353807680e-02
-5.894407098662038380e-02
-5.886685063168728416e-02
-5.879001637852884765e-02
-5.871356629663620347e-02
-5.863749846515302344e-02
-5.856181097282725512e-02
-5.848650191796311848e-02
-5.841156940837330391e-02
-5.833701156133144078e-02
-5.826282650352478110e-02
-5.818901237100715385e-02
-5.811556730915212049e-02
-5.804248947260635949e-02
-5.796977702524332837e-02
-5.789742814011711314e-02
-5.782544099941652749e-02
-5.775381379441944796e-02
-5.768254472544735029e-02
-5.761163200182011640e-02
-5.754107384181101487e-02
-5.747086847260195891e-02
-5.740101413023895177e-02
-5.733150905958775412e-02
-5.726235151428981512e-02
-5.719353975671836315e-02
-5.712507205793477399e-02
-5.705694669764509869e-02
-5.698916196415687585e-02
-5.692171615433608972e-02
-5.685460757356441269e-02
-5.678783453569659356e-02
-5.672139536301810947e-02
-5.665528838620301905e-02
-5.658951194427200293e-02
-5.652406438455064019e-02
-5.645894406262788601e-02
-5.639414934231474358e-02
-5.632967859560317203e-02
-5.626553020262515387e-02
-5.620170255161202610e-02
-5.613819403885396409e-02
-5.607500306865969425e-02
-5.601212805331639427e-02
-5.594956741304981523e-02
-5.588731957598456340e-02
-5.582538297810463873e-02
-5.576375606321411216e-02
-5.570243728289803881e-02
-5.564142509648355162e-02
-5.558071797100113537e-02
-5.552031438114612971e-02
-5.546021280924039870e-02
-5.540041174519419465e-02
-5.534090968646822317e-02
-5.528170513803588176e-02
-5.522279661234569953e-02
-5.516418262928397126e-02
-5.510586171613755108e-02
-5.504783240755686119e-02
-5.499009324551907413e-02
-5.493264277929147538e-02
-5.487547956539502031e-02
-5.481860216756804377e-02
-5.476200915673020558e-02
-5.470569911094655402e-02
-5.464967061539181825e-02
-5.459392226231486039e-02
-5.453845265100328715e-02
-5.448326038774826963e-02
-5.442834408580952965e-02
-5.437370236538047880e-02
-5.431933385355357941e-02
-5.426523718428580972e-02
-5.421141099836437882e-02
-5.415785394337255948e-02
-5.410456467365569455e-02
-5.405154185028741842e-02
-5.399878414103598256e-02
-5.394629022033080312e-02
-5.389405876922914729e-02
-5.384208847538300008e-02
-5.379037803300608378e-02
-5.373892614284105085e-02
-5.368773151212684336e-02
-5.363679285456621204e-02
-5.358610889029338104e-02
-5.353567834584191387e-02
-5.348549995411270436e-02
-5.343557245434214092e-02
-5.338589459207043059e-02
-5.333646511911007554e-02
-5.328728279351452324e-02
-5.323834637954694832e-02
-5.318965464764921491e-02
-5.314120637441097084e-02
-5.309300034253891520e-02
-5.304503534082621874e-02
-5.299731016412208978e-02
-5.294982361330147907e-02
-5.290257449523497191e-02
-5.285556162275879821e-02
-5.280878381464500226e-02
-5.276223989557177890e-02
-5.271592869609392079e-02
-5.266984905261345301e-02
-5.262399980735038563e-02
-5.257837980831363278e-02
-5.253298790927206363e-02
-5.248782296972570593e-02
-5.244288385487707455e-02
-5.239816943560268725e-02
-5.235367858842467081e-02
-5.230941019548254745e-02
-5.226536314450513226e-02
-5.222153632878260426e-02
-5.217792864713868828e-02
-5.213453900390299656e-02
-5.209136630888348135e-02
-5.204840947733906098e-02
-5.200566742995236386e-02
-5.196313909280260435e-02
-5.192082339733859048e-02
-5.187871928035189817e-02
-5.183682568395013568e-02
-5.179514155553038846e-02
-5.175366584775273338e-02
-5.171239751851396810e-02
-5.167133553092139592e-02
-5.163047885326679104e-02
-5.158982645900045405e-02
-5.154937732670545475e-02
-5.150913044007193048e-02
-5.146908478787157182e-02
-5.142923936393221235e-02
-5.138959316711255026e-02
-5.135014520127698795e-02
-5.131089447527060338e-02
-5.127184000289425336e-02
-5.123298080287978090e-02
-5.119431589886538209e-02
-5.115584431937105631e-02
-5.111756509777420215e-02
-5.107947727228533130e-02
-5.104157988592390727e-02
-5.100387198649428827e-02
-5.096635262656181581e-02
-5.092902086342900730e-02
-5.089187575911185979e-02
-5.085491638031629930e-02
-5.081814179841472046e-02
-5.078155108942264406e-02
-5.074514333397553423e-02
-5.070891761730565717e-02
-5.067287302921912734e-02
-5.063700866407302992e-02
-5.060132362075266815e-02
-5.056581700264890789e-02
-5.053048791763566083e-02
-5.049533547804748584e-02
-5.046035880065724566e-02
-5.042555700665395796e-02
-5.039092922162068805e-02
-5.035647457551258727e-02
-5.032219220263502157e-02
-5.028808124162184590e-02
-5.025414083541373395e-02
-5.022037013123666765e-02
-5.018676828058048212e-02
-5.015333443917757705e-02
-5.012006776698169075e-02
-5.008696742814678499e-02
-5.005403259100604796e-02
-5.002126242805101514e-02
-4.998865611591075953e-02
-6.500000000000000222e-02
-6.500000000000000222e-02
-6.500000000000000222e-02
-6.500000000000000222e-02
-6.500000000000000222e-02
-6.500000000000000222e-02
-6.500000000000000222e-02
-6.500000000000000222e-02
-6.500000000000000222e-02
-6.500000000000000222e-02
-6.500000000000000222e-02
-6.500000000000000222e-02
-6.500000000000000222e-02
-6.500000000000000222e-02
-6.500000000000000222e-02
-6.500000000000000222e-02
-6.500000000000000222e-02
-6.500000000000000222e-02
-6.500000000000000222e-02
-6.500000000000000222e-02
-6.489250000000000573e-02
-6.478553750000000389e-02
-6.467910981250001023e-02
-6.457321426343751170e-02
-6.446784819212032780e-02
-6.436300895115971976e-02
-6.425869390640391587e-02
-6.415490043687190058e-02
-6.405162593468753662e-02
-6.394886780501410350e-02
-6.384662346598903027e-02
-6.374489034865908621e-02
-6.364366589691579368e-02
-6.354294756743121553e-02
-6.344273282959406179e-02
-6.334301916544608779e-02
-6.324380406961885304e-02
-6.314508504927075772e-02
-6.304685962402439836e-02
-6.294912532590427046e-02
-6.285187969927474860e-02
-6.275512030077837200e-02
-6.265884469927447686e-02
-6.256305047577810641e-02
-6.246773522339921919e-02
-6.237289654728222360e-02
-6.227853206454581070e-02
-6.218463940422307851e-02
-6.209121620720196161e-02
-6.199826012616595217e-02
-6.190576882553511934e-02
-6.181373998140744092e-02
-6.172217128150040560e-02
-6.163106042509290672e-02
-6.154040512296744120e-02
-6.145020309735260700e-02
-6.136045208186584332e-02
-6.127114982145651090e-02
-6.118229407234922895e-02
-6.109388260198748283e-02
-6.100591318897754384e-02
-6.091838362303265281e-02
-6.083129170491748811e-02
-6.074463524639289735e-02
-6.065841207016093445e-02
-6.057262000981013250e-02
-6.048725690976108210e-02
-6.040232062521227324e-02
-6.031780902208621481e-02
-6.023371997697578306e-02
-6.015005137709090316e-02
-6.006680112020544582e-02
-5.998396711460441538e-02
-5.990154727903139464e-02
-5.981953954263623946e-02
-5.973794184492305787e-02
-5.965675213569844593e-02
-5.957596837501995257e-02
-5.949558853314484974e-02
-5.941561059047912458e-02
-5.933603253752672835e-02
-5.925685237483909601e-02
-5.917806811296490166e-02
-5.909967777240007769e-02
-5.902167938353807680e-02
-5.894407098662038380e-02
-5.886685063168728416e-02
-5.879001637852884765e-02
-5.871356629663620347e-02
-5.863749846515302344e-02
-5.856181097282725512e-02
-5.848650191796311848e-02
-5.841156940837330391e-02
-5.833701156133144078e-02
-5.826282650352478110e-02
-5.818901237100715385e-02
-5.811556730915212049e-02
-5.804248947260635949e-02
-5.796977702524332837e-02
-5.789742814011711314e-02
-5.782544099941652749e-02
-5.775381379441944796e-02
-5.768254472544735029e-02
-5.761163200182011640e-02
-5.754107384181101487e-02
-5.747086847260195891e-02
-5.740101413023895177e-02
-5.733150905958775412e-02
-5.726235151428981512e-02
-5.719353975671836315e-02
-5.712507205793477399e-02
-5.705694669764509869e-02
-5.698916196415687585e-02
-5.692171615433608972e-02
-5.685460757356441269e-02
-5.678783453569659356e-02
-5.672139536301810947e-02
-5.665528838620301905e-02
-5.658951194427200293e-02
-5.652406438455064019e-02
-5.645894406262788601e-02
-5.639414934231474358e-02
-5.632967859560317203e-02
-5.626553020262515387e-02
-5.620170255161202610e-02
-5.613819403885396409e-02
-5.607500306865969425e-02
-5.601212805331639427e-02
-5.594956741304981523e-02
-5.588731957598456340e-02
-5.582538297810463873e-02
-5.576375606321411216e-02
-5.570243728289803881e-02
-5.564142509648355162e-02
-5.558071797100113537e-02
-5.552031438114612971e-02
-5.546021280924039870e-02
-5.540041174519419465e-02
-5.534090968646822317e-02
-5.528170513803588176e-02
-5.522279661234569953e-02
-5.516418262928397126e-02
-5.510586171613755108e-02
-5.504783240755686119e-02
-5.499009324551907413e-02
-5.493264277929147538e-02
-5.487547956539502031e-02
-5.481860216756804377e-02
-5.476200915673020558e-02
-5.470569911094655402e-02
-5.464967061539181825e-02
-5.459392226231486039e-02
-5.453845265100328715e-02
-5.448326038774826963e-02
-5.442834408580952965e-02
-5.437370236538047880e-02
-5.431933385355357941e-02
-5.426523718428580972e-02
-5.421141099836437882e-02
-5.415785394337255948e-02
-5.410456467365569455e-02
-5.405154185028741842e-02
-5.399878414103598256e-02
-5.394629022033080312e-02
-5.389405876922914729e-02
-5.384208847538300008e-02
-5.379037803300608378e-02
-5.373892614284105085e-02
-5.368773151212684336e-02
-5.363679285456621204e-02
-5.358610889029338104e-02
-5.353567834584191387e-02
-5.348549995411270436e-02
-5.343557245434214092e-02
-5.338589459207043059e-02
-5.333646511911007554e-02
-5.328728279351452324e-02
-5.323834637954694832e-02
-5.318965464764921491e-02
-5.314120637441097084e-02
-5.309300034253891520e-02
-5.304503534082621874e-02
-5.299731016412208978e-02
-5.294982361330147907e-02
-5.290257449523497191e-02
-5.285556162275879821e-02
-5.280878381464500226e-02
-5.276223989557177890e-02
-5.271592869609392079e-02
-5.266984905261345301e-02
-5.262399980735038563e-02
-5.257837980831363278e-02
-5.253298790927206363e-02
-5.248782296972570593e-02
-5.244288385487707455e-02
-5.239816943560268725e-02
-5.235367858842467081e-02
-5.230941019548254745e-02
-5.226536314450513226e-02
-5.222153632878260426e-02
-5.217792864713868828e-02
-5.213453900390299656e-02
-5.209136630888348135e-02
-5.204840947733906098e-02
-5.200566742995236386e-02
-5.196313909280260435e-02
-5.192082339733859048e-02
-5.187871928035189817e-02
-5.183682568395013568e-02
-5.179514155553038846e-02
-5.175366584775273338e-02
-5.171239751851396810e-02
-5.167133553092139592e-02
-5.163047885326679104e-02
-5.158982645900045405e-02
-5.154937732670545475e-02
-5.150913044007193048e-02
-5.146908478787157182e-02
-5.142923936393221235e-02
-5.138959316711255026e-02
-5.135014520127698795e-02
-5.131089447527060338e-02
-5.127184000289425336e-02
-5.123298080287978090e-02
-5.119431589886538209e-02
-5.115584431937105631e-02
-5.111756509777420215e-02
-5.107947727228533130e-02
-5.104157988592390727e-02
-5.100387198649428827e-02
-5.096635262656181581e-02
-5.092902086342900730e-02
-5.089187575911185979e-02
-5.085491638031629930e-02
-5.081814179841472046e-02
-5.078155108942264406e-02
-5.074514333397553423e-02
-5.070891761730565717e-02
-5.067287302921912734e-02
-5.063700866407302992e-02
-5.060132362075266815e-02
-5.056581700264890789e-02
-5.053048791763566083e-02
-5.049533547804748584e-02
-5.046035880065724566e-02
-5.042555700665395796e-02
-5.039092922162068805e-02
-5.035647457551258727e-02
-5.032219220263502157e-02
-5.028808124162184590e-02
-5.025414083541373395e-02
-5.022037013123666765e-02
-5.018676828058048212e-02
-5.015333443917757705e-02
-5.012006776698169075e-02
-5.008696742814678499e-02
-5.005403259100604796e-02
-5.002126242805101514e-02
-4.998865611591075953e-02
-6.500000000000000222e-02
-6.500000000000000222e-02
-6.500000000000000222e-02
-6.500000000000000222e-02
-6.500000000000000222e-02
-6.500000000000000222e-02
-6.500000000000000222e-02
-6.500000000000000222e-02
-6.500000000000000222e-02
-6.500000000000000222e-02
-6.500000000000000222e-02
-6.500000000000000222e-02
-6.500000000000000222e-02
-6.500000000000000222e-02
-6.500000000000000222e-02
-6.500000000000000222e-02
-6.500000000000000222e-02
-6.500000000000000222e-02
-6.500000000000000222e-02
-6.500000000000000222e-02
-6.489250000000000573e-02
-6.478553750000000389e-02
-6.467910981250001023e-02
-6.457321426343751170e-02
-6.446784819212032780e-02
-6.436300895115971976e-02
-6.425869390640391587e-02
-6.415490043687190058e-02
-6.405162593468753662e-02
-6.394886780501410350e-02
-6.384662346598903027e-02
-6.374489034865908621e-02
-6.364366589691579368e-02
-6.354294756743121553e-02
-6.344273282959406179e-02
-6.334301916544608779e-02
-6.324380406961885304e-02
-6.314508504927075772e-02
-6.304685962402439836e-02
-6.294912532590427046e-02
-6.285187969927474860e-02
-6.275512030077837200e-02
-6.265884469927447686e-02
-6.256305047577810641e-02
-6.246773522339921919e-02
-6.237289654728222360e-02
-6.227853206454581070e-02
-6.218463940422307851e-02
-6.209121620720196161e-02
-6.199826012616595217e-02
-6.190576882553511934e-02
-6.181373998140744092e-02
-6.172217128150040560e-02
-6.163106042509290672e-02
-6.154040512296744120e-02
-6.145020309735260700e-02
-6.136045208186584332e-02
-6.127114982145651090e-02
-6.118229407234922895e-02
-6.109388260198748283e-02
-6.100591318897754384e-02
-6.091838362303265281e-02
-6.083129170491748811e-02
-6.074463524639289735e-02
-6.065841207016093445e-02
-6.057262000981013250e-02
-6.048725690976108210e-02
-6.040232062521227324e-02
-6.031780902208621481e-02
-6.023371997697578306e-02
-6.015005137709090316e-02
-6.006680112020544582e-02
-5.998396711460441538e-02
-5.990154727903139464e-02
-5.981953954263623946e-02
-5.973794184492305787e-02
-5.965675213569844593e-02
-5.957596837501995257e-02
-5.949558853314484974e-02
-5.941561059047912458e-02
-5.933603253752672835e-02
-5.925685237483909601e-02
-5.917806811296490166e-02
-5.909967777240007769e-02
-5.902167938353807680e-02
-5.894407098662038380e-02
-5.886685063168728416e-02
-5.879001637852884765e-02
-5.871356629663620347e-02
-5.863749846515302344e-02
-5.856181097282725512e-02
-5.848650191796311848e-02
-5.841156940837330391e-02
-5.833701156133144078e-02
-5.826282650352478110e-02
-5.818901237100715385e-02
-5.811556730915212049e-02
-5.804248947260635949e-02
-5.796977702524332837e-02
-5.789742814011711314e-02
-5.782544099941652749e-02
-5.775381379441944796e-02
-5.768254472544735029e-02
-5.761163200182011640e-02
-5.754107384181101487e-02
-5.747086847260195891e-02
-5.740101413023895177e-02
-5.733150905958775412e-02
-5.726235151428981512e-02
-5.719353975671836315e-02
-5.712507205793477399e-02
-5.705694669764509869e-02
-5.698916196415687585e-02
-5.692171615433608972e-02
-5.685460757356441269e-02
-5.678783453569659356e-02
-5.672139536301810947e-02
-5.665528838620301905e-02
-5.658951194427200293e-02
-5.652406438455064019e-02
-5.645894406262788601e-02
-5.639414934231474358e-02
-5.632967859560317203e-02
-5.626553020262515387e-02
-5.620170255161202610e-02
-5.613819403885396409e-02
-5.607500306865969425e-02
-5.601212805331639427e-02
-5.594956741304981523e-02
-5.588731957598456340e-02
-5.582538297810463873e-02
-5.576375606321411216e-02
-5.570243728289803881e-02
-5.564142509648355162e-02
-5.558071797100113537e-02
-5.552031438114612971e-02
-5.546021280924039870e-02
-5.540041174519419465e-02
-5.534090968646822317e-02
-5.528170513803588176e-02
-5.522279661234569953e-02
-5.516418262928397126e-02
-5.510586171613755108e-02
-5.504783240755686119e-02
-5.499009324551907413e-02
-5.493264277929147538e-02
-5.487547956539502031e-02
-5.481860216756804377e-02
-5.476200915673020558e-02
-5.470569911094655402e-02
-5.464967061539181825e-02
-5.459392226231486039e-02
-5.453845265100328715e-02
-5.448326038774826963e-02
-5.442834408580952965e-02
-5.437370236538047880e-02
-5.431933385355357941e-02
-5.426523718428580972e-02
-5.421141099836437882e-02
-5.415785394337255948e-02
-5.410456467365569455e-02
-5.405154185028741842e-02
-5.399878414103598256e-02
-5.394629022033080312e-02
-5.389405876922914729e-02
-5.384208847538300008e-02
-5.379037803300608378e-02
-5.373892614284105085e-02
-5.368773151212684336e-02
-5.363679285456621204e-02
-5.358610889029338104e-02
-5.353567834584191387e-02
-5.348549995411270436e-02
-5.343557245434214092e-02
-5.338589459207043059e-02
-5.333646511911007554e-02
-5.328728279351452324e-02
-5.323834637954694832e-02
-5.318965464764921491e-02
-5.314120637441097084e-02
-5.309300034253891520e-02
-5.304503534082621874e-02
-5.299731016412208978e-02
-5.294982361330147907e-02
-5.290257449523497191e-02
-5.285556162275879821e-02
-5.280878381464500226e-02
-5.276223989557177890e-02
-5.271592869609392079e-02
-5.266984905261345301e-02
-5.262399980735038563e-02
-5.257837980831363278e-02
-5.253298790927206363e-02
-5.248782296972570593e-02
-5.244288385487707455e-02
-5.239816943560268725e-02
-5.235367858842467081e-02
-5.230941019548254745e-02
-5.226536314450513226e-02
-5.222153632878260426e-02
-5.217792864713868828e-02
-5.213453900390299656e-02
-5.209136630888348135e-02
-5.204840947733906098e-02
-5.200566742995236386e-02
-5.196313909280260435e-02
-5.192082339733859048e-02
-5.187871928035189817e-02
-5.183682568395013568e-02
-5.179514155553038846e-02
-5.175366584775273338e-02
-5.171239751851396810e-02
-5.167133553092139592e-02
-5.163047885326679104e-02
-5.158982645900045405e-02
-5.154937732670545475e-02
-5.150913044007193048e-02
-5.146908478787157182e-02
-5.142923936393221235e-02
-5.138959316711255026e-02
-5.135014520127698795e-02
-5.131089447527060338e-02
-5.127184000289425336e-02
-5.123298080287978090e-02
-5.119431589886538209e-02
-5.115584431937105631e-02
-5.111756509777420215e-02
-5.107947727228533130e-02
-5.104157988592390727e-02
-5.100387198649428827e-02
-5.096635262656181581e-02
-5.092902086342900730e-02
-5.089187575911185979e-02
-5.085491638031629930e-02
-5.081814179841472046e-02
-5.078155108942264406e-02
-5.074514333397553423e-02
-5.070891761730565717e-02
-5.067287302921912734e-02
-5.063700866407302992e-02
-5.060132362075266815e-02
-5.056581700264890789e-02
-5.053048791763566083e-02
-5.049533547804748584e-02
-5.046035880065724566e-02
-5.042555700665395796e-02
-5.039092922162068805e-02
-5.035647457551258727e-02
-5.032219220263502157e-02
-5.028808124162184590e-02
-5.025414083541373395e-02
-5.022037013123666765e-02
-5.018676828058048212e-02
-5.015333443917757705e-02
-5.012006776698169075e-02
-5.008696742814678499e-02
-5.005403259100604796e-02
-5.002126242805101514e-02
-4.998865611591075953e-02
-6.500000000000000222e-02
-6.500000000000000222e-02
-6.500000000000000222e-02
-6.500000000000000222e-02
-6.500000000000000222e-02
-6.500000000000000222e-02
-6.500000000000000222e-02
-6.500000000000000222e-02
-6.500000000000000222e-02
-6.500000000000000222e-02
-6.500000000000000222e-02
-6.500000000000000222e-02
-6.500000000000000222e-02
-6.500000000000000222e-02
-6.500000000000000222e-02
-6.500000000000000222e-02
-6.500000000000000222e-02
-6.500000000000000222e-02
-6.500000000000000222e-02
-6.500000000000000222e-02
-6.489250000000000573e-02
-6.478553750000000389e-02
-6.467910981250001023e-02
-6.457321426343751170e-02
-6.446784819212032780e-02
-6.436300895115971976e-02
-6.425869390640391587e-02
-6.415490043687190058e-02
-6.405162593468753662e-02
-6.394886780501410350e-02
-6.384662346598903027e-02
-6.374489034865908621e-02
-6.364366589691579368e-02
-6.354294756743121553e-02
-6.344273282959406179e-02
-6.334301916544608779e-02
-6.324380406961885304e-02
-6.314508504927075772e-02
-6.304685962402439836e-02
-6.294912532590427046e-02
-6.285187969927474860e-02
-6.275512030077837200e-02
-6.265884469927447686e-02
-6.256305047577810641e-02
-6.246773522339921919e-02
-6.237289654728222360e-02
-6.227853206454581070e-02
-6.218463940422307851e-02
-6.209121620720196161e-02
-6.199826012616595217e-02
-6.190576882553511934e-02
-6.181373998140744092e-02
-6.172217128150040560e-02
-6.163106042509290672e-02
-6.154040512296744120e-02
-6.145020309735260700e-02
-6.136045208186584332e-02
-6.127114982145651090e-02
-6.118229407234922895e-02
-6.109388260198748283e-02
-6.100591318897754384e-02
-6.091838362303265281e-02
-6.083129170491748811e-02
-6.074463524639289735e-02
-6.065841207016093445e-02
-6.057262000981013250e-02
-6.048725690976108210e-02
-6.040232062521227324e-02
-6.031780902208621481e-02
-6.023371997697578306e-02
-6.015005137709090316e-02
-6.006680112020544582e-02
-5.998396711460441538e-02
-5.990154727903139464e-02
-5.981953954263623946e-02
-5.973794184492305787e-02
-5.965675213569844593e-02
-5.957596837501995257e-02
-5.949558853314484974e-02
-5.941561059047912458e-02
-5.933603253752672835e-02
-5.925685237483909601e-02
-5.917806811296490166e-02
-5.909967777240007769e-02
-5.902167938353807680e-02
-5.894407098662038380e-02
-5.886685063168728416e-02
-5.879001637852884765e-02
-5.871356629663620347e-02
-5.863749846515302344e-02
-5.856181097282725512e-02
-5.848650191796311848e-02
-5.841156940837330391e-02
-5.833701156133144078e-02
-5.826282650352478110e-02
-5.818901237100715385e-02
-5.811556730915212049e-02
-5.804248947260635949e-02
-5.796977702524332837e-02
-5.789742814011711314e-02
-5.782544099941652749e-02
-5.775381379441944796e-02
-5.768254472544735029e-02
-5.761163200182011640e-02
-5.754107384181101487e-02
-5.747086847260195891e-02
-5.740101413023895177e-02
-5.733150905958775412e-02
-5.726235151428981512e-02
-5.719353975671836315e-02
-5.712507205793477399e-02
-5.705694669764509869e-02
-5.698916196415687585e-02
-5.692171615433608972e-02
-5.685460757356441269e-02
-5.678783453569659356e-02
-5.672139536301810947e-02
-5.665528838620301905e-02
-5.658951194427200293e-02
-5.652406438455064019e-02
-5.645894406262788601e-02
-5.639414934231474358e-02
-5.632967859560317203e-02
-5.626553020262515387e-02
-5.620170255161202610e-02
-5.613819403885396409e-02
-5.607500306865969425e-02
-5.601212805331639427e-02
-5.594956741304981523e-02
-5.588731957598456340e-02
-5.582538297810463873e-02
-5.576375606321411216e-02
-5.570243728289803881e-02
-5.564142509648355162e-02
-5.558071797100113537e-02
-5.552031438114612971e-02
-5.546021280924039870e-02
-5.540041174519419465e-02
-5.534090968646822317e-02
-5.528170513803588176e-02
-5.522279661234569953e-02
-5.516418262928397126e-02
-5.510586171613755108e-02
-5.504783240755686119e-02
-5.499009324551907413e-02
-5.493264277929147538e-02
-5.487547956539502031e-02
-5.481860216756804377e-02
-5.476200915673020558e-02
-5.470569911094655402e-02
-5.464967061539181825e-02
-5.459392226231486039e-02
-5.453845265100328715e-02
-5.448326038774826963e-02
-5.442834408580952965e-02
-5.437370236538047880e-02
-5.431933385355357941e-02
-5.426523718428580972e-02
-5.421141099836437882e-02
-5.415785394337255948e-02
-5.410456467365569455e-02
-5.405154185028741842e-02
-5.399878414103598256e-02
-5.394629022033080312e-02
-5.389405876922914729e-02
-5.384208847538300008e-02
-5.379037803300608378e-02
-5.373892614284105085e-02
-5.368773151212684336e-02
-5.363679285456621204e-02
-5.358610889029338104e-02
-5.353567834584191387e-02
-5.348549995411270436e-02
-5.343557245434214092e-02
-5.338589459207043059e-02
-5.333646511911007554e-02
-5.328728279351452324e-02
-5.323834637954694832e-02
-5.318965464764921491e-02
-5.314120637441097084e-02
-5.309300034253891520e-02
-5.304503534082621874e-02
-5.299731016412208978e-02
-5.294982361330147907e-02
-5.290257449523497191e-02
-5.285556162275879821e-02
-5.280878381464500226e-02
-5.276223989557177890e-02
-5.271592869609392079e-02
-5.266984905261345301e-02
-5.262399980735038563e-02
-5.257837980831363278e-02
-5.253298790927206363e-02
-5.248782296972570593e-02
-5.244288385487707455e-02
-5.239816943560268725e-02
-5.235367858842467081e-02
-5.230941019548254745e-02
-5.226536314450513226e-02
-5.222153632878260426e-02
-5.217792864713868828e-02
-5.213453900390299656e-02
-5.209136630888348135e-02
-5.204840947733906098e-02
-5.200566742995236386e-02
-5.196313909280260435e-02
-5.192082339733859048e-02
-5.187871928035189817e-02
-5.183682568395013568e-02
-5.179514155553038846e-02
-5.175366584775273338e-02
-5.171239751851396810e-02
-5.167133553092139592e-02
-5.163047885326679104e-02
-5.158982645900045405e-02
-5.154937732670545475e-02
-5.150913044007193048e-02
-5.146908478787157182e-02
-5.142923936393221235e-02
-5.138959316711255026e-02
-5.135014520127698795e-02
-5.131089447527060338e-02
-5.127184000289425336e-02
-5.123298080287978090e-02
-5.119431589886538209e-02
-5.115584431937105631e-02
-5.111756509777420215e-02
-5.107947727228533130e-02
-5.104157988592390727e-02
-5.100387198649428827e-02
-5.096635262656181581e-02
-5.092902086342900730e-02
-5.089187575911185979e-02
-5.085491638031629930e-02
-5.081814179841472046e-02
-5.078155108942264406e-02
-5.074514333397553423e-02
-5.070891761730565717e-02
-5.067287302921912734e-02
-5.063700866407302992e-02
-5.060132362075266815e-02
-5.056581700264890789e-02
-5.053048791763566083e-02
-5.049533547804748584e-02
-5.046035880065724566e-02
-5.042555700665395796e-02
-5.039092922162068805e-02
-5.035647457551258727e-02
-5.032219220263502157e-02
-5.028808124162184590e-02
-5.025414083541373395e-02
-5.022037013123666765e-02
-5.018676828058048212e-02
-5.015333443917757705e-02
-5.012006776698169075e-02
-5.008696742814678499e-02
-5.005403259100604796e-02
-5.002126242805101514e-02
-4.998865611591075953e-02
-6.500000000000000222e-02
-6.500000000000000222e-02
-6.500000000000000222e-02
-6.500000000000000222e-02
-6.500000000000000222e-02
-6.500000000000000222e-02
-6.500000000000000222e-02
-6.500000000000000222e-02
-6.500000000000000222e-02
-6.500000000000000222e-02
-6.500000000000000222e-02
-6.500000000000000222e-02
-6.500000000000000222e-02
-6.500000000000000222e-02
-6.500000000000000222e-02
-6.500000000000000222e-02
-6.500000000000000222e-02
-6.500000000000000222e-02
-6.500000000000000222e-02
-6.500000000000000222e-02
-6.489250000000000573e-02
-6.478553750000000389e-02
-6.467910981250001023e-02
-6.457321426343751170e-02
-6.446784819212032780e-02
-6.436300895115971976e-02
-6.425869390640391587e-02
-6.415490043687190058e-02
-6.405162593468753662e-02
-6.394886780501410350e-02
-6.384662346598903027e-02
-6.374489034865908621e-02
-6.364366589691579368e-02
-6.354294756743121553e-02
-6.344273282959406179e-02
-6.334301916544608779e-02
-6.324380406961885304e-02
-6.314508504927075772e-02
-6.304685962402439836e-02
-6.294912532590427046e-02
-6.285187969927474860e-02
-6.275512030077837200e-02
-6.265884469927447686e-02
-6.256305047577810641e-02
-6.246773522339921919e-02
-6.237289654728222360e-02
-6.227853206454581070e-02
-6.218463940422307851e-02
-6.209121620720196161e-02
-6.199826012616595217e-02
-6.190576882553511934e-02
-6.181373998140744092e-02
-6.172217128150040560e-02
-6.163106042509290672e-02
-6.154040512296744120e-02
-6.145020309735260700e-02
-6.136045208186584332e-02
-6.127114982145651090e-02
-6.118229407234922895e-02
-6.109388260198748283e-02
-6.100591318897754384e-02
-6.091838362303265281e-02
-6.083129170491748811e-02
-6.074463524639289735e-02
-6.065841207016093445e-02
-6.057262000981013250e-02
-6.048725690976108210e-02
-6.040232062521227324e-02
-6.031780902208621481e-02
-6.023371997697578306e-02
-6.015005137709090316e-02
-6.006680112020544582e-02
-5.998396711460441538e-02
-5.990154727903139464e-02
-5.981953954263623946e-02
-5.973794184492305787e-02
-5.965675213569844593e-02
-5.957596837501995257e-02
-5.949558853314484974e-02
-5.941561059047912458e-02
-5.933603253752672835e-02
-5.925685237483909601e-02
-5.917806811296490166e-02
-5.909967777240007769e-02
-5.902167938353807680e-02
-5.894407098662038380e-02
-5.886685063168728416e-02
-5.879001637852884765e-02
-5.871356629663620347e-02
-5.863749846515302344e-02
-5.856181097282725512e-02
-5.848650191796311848e-02
-5.841156940837330391e-02
-5.833701156133144078e-02
-5.826282650352478110e-02
-5.818901237100715385e-02
-5.811556730915212049e-02
-5.804248947260635949e-02
-5.796977702524332837e-02
-5.789742814011711314e-02
-5.782544099941652749e-02
-5.775381379441944796e-02
-5.768254472544735029e-02
-5.761163200182011640e-02
-5.754107384181101487e-02
-5.747086847260195891e-02
-5.740101413023895177e-02
-5.733150905958775412e-02
-5.726235151428981512e-02
-5.719353975671836315e-02
-5.712507205793477399e-02
-5.705694669764509869e-02
-5.698916196415687585e-02
-5.692171615433608972e-02
-5.685460757356441269e-02
-5.678783453569659356e-02
-5.672139536301810947e-02
-5.665528838620301905e-02
-5.658951194427200293e-02
-5.652406438455064019e-02
-5.645894406262788601e-02
-5.639414934231474358e-02
-5.632967859560317203e-02
-5.626553020262515387e-02
-5.620170255161202610e-02
-5.613819403885396409e-02
-5.607500306865969425e-02
-5.601212805331639427e-02
-5.594956741304981523e-02
-5.588731957598456340e-02
-5.582538297810463873e-02
-5.576375606321411216e-02
-5.570243728289803881e-02
-5.564142509648355162e-02
-5.558071797100113537e-02
-5.552031438114612971e-02
-5.546021280924039870e-02
-5.540041174519419465e-02
-5.534090968646822317e-02
-5.528170513803588176e-02
-5.522279661234569953e-02
-5.516418262928397126e-02
-5.510586171613755108e-02
-5.504783240755686119e-02
-5.499009324551907413e-02
-5.493264277929147538e-02
-5.487547956539502031e-02
-5.481860216756804377e-02
-5.476200915673020558e-02
-5.470569911094655402e-02
-5.464967061539181825e-02
-5.459392226231486039e-02
-5.453845265100328715e-02
-5.448326038774826963e-02
-5.442834408580952965e-02
-5.437370236538047880e-02
-5.431933385355357941e-02
-5.426523718428580972e-02
-5.421141099836437882e-02
-5.415785394337255948e-02
-5.410456467365569455e-02
-5.405154185028741842e-02
-5.399878414103598256e-02
-5.394629022033080312e-02
-5.389405876922914729e-02
-5.384208847538300008e-02
-5.379037803300608378e-02
-5.373892614284105085e-02
-5.368773151212684336e-02
-5.363679285456621204e-02
-5.358610889029338104e-02
-5.353567834584191387e-02
-5.348549995411270436e-02
-5.343557245434214092e-02
-5.338589459207043059e-02
-5.333646511911007554e-02
-5.328728279351452324e-02
-5.323834637954694832e-02
-5.318965464764921491e-02
-5.314120637441097084e-02
-5.309300034253891520e-02
-5.304503534082621874e-02
-5.299731016412208978e-02
-5.294982361330147907e-02
-5.290257449523497191e-02
-5.285556162275879821e-02
-5.280878381464500226e-02
-5.276223989557177890e-02
-5.271592869609392079e-02
-5.266984905261345301e-02
-5.262399980735038563e-02
-5.257837980831363278e-02
-5.253298790927206363e-02
-5.248782296972570593e-02
-5.244288385487707455e-02
-5.239816943560268725e-02
-5.235367858842467081e-02
-5.230941019548254745e-02
-5.226536314450513226e-02
-5.222153632878260426e-02
-5.217792864713868828e-02
-5.213453900390299656e-02
-5.209136630888348135e-02
-5.204840947733906098e-02
-5.200566742995236386e-02
-5.196313909280260435e-02
-5.192082339733859048e-02
-5.187871928035189817e-02
-5.183682568395013568e-02
-5.179514155553038846e-02
-5.175366584775273338e-02
-5.171239751851396810e-02
-5.167133553092139592e-02
-5.163047885326679104e-02
-5.158982645900045405e-02
-5.154937732670545475e-02
-5.150913044007193048e-02
-5.146908478787157182e-02
-5.142923936393221235e-02
-5.138959316711255026e-02
-5.135014520127698795e-02
-5.131089447527060338e-02
-5.127184000289425336e-02
-5.123298080287978090e-02
-5.119431589886538209e-02
-5.115584431937105631e-02
