-6.488499999999999823e-02
-6.477057499999999690e-02
-6.465672212499999627e-02
-6.454343851437499557e-02
-6.443072132180312217e-02
-6.431856771519410543e-02
-6.420697487661813918e-02
-6.409594000223504950e-02
-6.398546030222387881e-02
-6.387553300071276141e-02
-6.376615533570920147e-02
-6.365732455903065634e-02
-6.354903793623550845e-02
-6.344129274655432860e-02
-6.333408628282155561e-02
-6.322741585140745357e-02
-6.312127877215041594e-02
-6.301567237828965828e-02
-6.291059401639821635e-02
-6.280604104631622164e-02
-6.270201084108463496e-02
-6.259850078687921593e-02
-6.249550828294481858e-02
-6.239303074153009637e-02
-6.229106558782244313e-02
-6.218961025988332947e-02
-6.208866220858390989e-02
-6.198821889754099063e-02
-6.188827780305328902e-02
-6.178883641403802585e-02
-6.168989223196783694e-02
-6.159144277080799701e-02
-6.149348555695395568e-02
-6.139601812916918588e-02
-6.129903803852333743e-02
-6.120254284833072378e-02
-6.110653013408907236e-02
-6.101099748341862888e-02
-6.091594249600153915e-02
-6.082136278352152925e-02
-6.072725596960391881e-02
-6.063361968975589794e-02
-6.054045159130711645e-02
-6.044774933335057832e-02
-6.035551058668382762e-02
-6.026373303375040513e-02
-6.017241436858165177e-02
-6.008155229673874109e-02
-5.999114453525504487e-02
-5.990118881257876920e-02
-5.981168286851587523e-02
-5.972262445417329813e-02
-5.963401133190242981e-02
-5.954584127524292086e-02
-5.945811206886670447e-02
-5.937082150852237422e-02
-5.928396740097976320e-02
-5.919754756397486301e-02
-5.911155982615498572e-02
-5.902600202702421028e-02
-5.894087201688909261e-02
-5.885616765680464629e-02
-5.877188681852062169e-02
-5.868802738442802092e-02
-5.860458724750588350e-02
-5.852156431126835645e-02
-5.843895648971201423e-02
-5.835676170726345618e-02
-5.827497789872713996e-02
-5.819360300923350632e-02
-5.811263499418733991e-02
-5.803207181921640062e-02
-5.795191146012031863e-02
-5.787215190281971844e-02
-5.779279114330562045e-02
-5.771382718758909236e-02
-5.763525805165115035e-02
-5.755708176139289617e-02
-5.747929635258593184e-02
-5.740189987082300327e-02
-5.732489037146888677e-02
-5.724826591961153927e-02
-5.717202459001348436e-02
-5.709616446706341358e-02
-5.702068364472809986e-02
-5.694558022650445667e-02
-5.687085232537193724e-02
-5.679649806374507948e-02
-5.672251557342635614e-02
-5.664890299555922631e-02
-5.657565848058142971e-02
-5.650278018817852382e-02
-5.643026628723762927e-02
-5.635811495580143882e-02
-5.628632438102243452e-02
-5.621489275911732003e-02
-5.614381829532173046e-02
-5.607309920384512258e-02
-5.600273370782589410e-02
-5.593272003928676656e-02
-5.586305643909033475e-02
-5.579374115689487990e-02
-5.572477245111040478e-02
-5.565614858885484934e-02
-5.558786784591057684e-02
-5.551992850668102664e-02
-5.545232886414762363e-02
-5.538506721982688896e-02
-5.531814188372775193e-02
-5.525155117430911172e-02
-5.518529341843756569e-02
-5.511936695134538045e-02
-5.505377011658865033e-02
-5.498850126600570570e-02
-5.492355875967567386e-02
-5.485894096587729668e-02
-5.479464626104790792e-02
-5.473067302974266718e-02
-5.466701966459395351e-02
-5.460368456627098105e-02
-5.454066614343962283e-02
-5.447796281272242191e-02
-5.441557299865881075e-02
-5.435349513366551782e-02
-5.429172765799718942e-02
-5.423026901970720570e-02
-5.416911767460867028e-02
-5.410827208623562867e-02
-5.404773072580445342e-02
-5.398749207217543034e-02
-5.392755461181455295e-02
-5.386791683875548353e-02
-5.380857725456170831e-02
-5.374953436828890097e-02
-5.369078669644745949e-02
-5.363233276296522356e-02
-5.357417109915039999e-02
-5.351630024365464783e-02
-5.345871874243637162e-02
-5.340142514872418811e-02
-5.334441802298056645e-02
-5.328769593286566270e-02
-5.323125745320133467e-02
-5.317510116593533037e-02
-5.311922566010565672e-02
-5.306362953180512876e-02
-5.300831138414610622e-02
-5.295326982722537573e-02
-5.289850347808924824e-02
-5.284401096069880205e-02
-5.278979090589530632e-02
-5.273584195136583191e-02
-5.268216274160900103e-02
-5.262875192790095885e-02
-5.257560816826145622e-02
-5.252273012742014746e-02
-5.247011647678304774e-02
-5.241776589439912926e-02
-5.236567706492713248e-02
-5.231384867960249541e-02
-5.226227943620448402e-02
-5.221096803902346151e-02
-5.215991319882834487e-02
-5.210911363283420028e-02
-5.205856806467003273e-02
-5.200827522434667977e-02
-5.195823384822494811e-02
-5.190844267898382658e-02
-5.185890046558890715e-02
-5.180960596326096568e-02
-5.176055793344466055e-02
-5.171175514377743948e-02
-5.166319636805855042e-02
-5.161488038621826063e-02
-5.156680598428716594e-02
-5.151897195436572902e-02
-5.147137709459390087e-02
-5.142402020912092975e-02
-5.137690010807532265e-02
-5.133001560753494563e-02
-5.128336552949726984e-02
-5.123694870184978406e-02
-5.119076395834053217e-02
-5.114481013854883101e-02
-5.109908608785608541e-02
-5.105359065741680441e-02
-5.100832270412972158e-02
-5.096328109060907496e-02
-5.091846468515603269e-02
-5.087387236173025046e-02
-5.082950299992160248e-02
-5.078535548492199569e-02
-5.074142870749738521e-02
-5.069772156395990076e-02
-5.065423295614009808e-02
-5.061096179135939760e-02
-5.056790698240259951e-02
-5.052506744749058615e-02
-5.048244211025313538e-02
-5.044002989970187284e-02
-5.039782975020336286e-02
-5.035584060145234520e-02
-5.031406139844508268e-02
-5.027249109145285472e-02
-5.023112863599558942e-02
-5.018997299281561381e-02
-5.014902312785153582e-02
-5.010827801221227895e-02
-5.006773662215122100e-02
-5.002739793904046467e-02
-4.998726094934526076e-02
-6.500000000000000222e-02
-6.500000000000000222e-02
-6.500000000000000222e-02
-6.500000000000000222e-02
-6.500000000000000222e-02
-6.500000000000000222e-02
-6.500000000000000222e-02
-6.500000000000000222e-02
-6.500000000000000222e-02
-6.500000000000000222e-02
-6.500000000000000222e-02
-6.500000000000000222e-02
-6.500000000000000222e-02
-6.500000000000000222e-02
-6.500000000000000222e-02
-6.500000000000000222e-02
-6.500000000000000222e-02
-6.500000000000000222e-02
-6.500000000000000222e-02
-6.500000000000000222e-02
-6.488499999999999823e-02
-6.477057499999999690e-02
-6.465672212499999627e-02
-6.454343851437499557e-02
-6.443072132180312217e-02
-6.431856771519410543e-02
-6.420697487661813918e-02
-6.409594000223504950e-02
-6.398546030222387881e-02
-6.387553300071276141e-02
-6.376615533570920147e-02
-6.365732455903065634e-02
-6.354903793623550845e-02
-6.344129274655432860e-02
-6.333408628282155561e-02
-6.322741585140745357e-02
-6.312127877215041594e-02
-6.301567237828965828e-02
-6.291059401639821635e-02
-6.280604104631622164e-02
-6.270201084108463496e-02
-6.259850078687921593e-02
-6.249550828294481858e-02
-6.239303074153009637e-02
-6.229106558782244313e-02
-6.218961025988332947e-02
-6.208866220858390989e-02
-6.198821889754099063e-02
-6.188827780305328902e-02
-6.178883641403802585e-02
-6.168989223196783694e-02
-6.159144277080799701e-02
-6.149348555695395568e-02
-6.139601812916918588e-02
-6.129903803852333743e-02
-6.120254284833072378e-02
-6.110653013408907236e-02
-6.101099748341862888e-02
-6.091594249600153915e-02
-6.082136278352152925e-02
-6.072725596960391881e-02
-6.063361968975589794e-02
-6.054045159130711645e-02
-6.044774933335057832e-02
-6.035551058668382762e-02
-6.026373303375040513e-02
-6.017241436858165177e-02
-6.008155229673874109e-02
-5.999114453525504487e-02
-5.990118881257876920e-02
-5.981168286851587523e-02
-5.972262445417329813e-02
-5.963401133190242981e-02
-5.954584127524292086e-02
-5.945811206886670447e-02
-5.937082150852237422e-02
-5.928396740097976320e-02
-5.919754756397486301e-02
-5.911155982615498572e-02
-5.902600202702421028e-02
-5.894087201688909261e-02
-5.885616765680464629e-02
-5.877188681852062169e-02
-5.868802738442802092e-02
-5.860458724750588350e-02
-5.852156431126835645e-02
-5.843895648971201423e-02
-5.835676170726345618e-02
-5.827497789872713996e-02
-5.819360300923350632e-02
-5.811263499418733991e-02
-5.803207181921640062e-02
-5.795191146012031863e-02
-5.787215190281971844e-02
-5.779279114330562045e-02
-5.771382718758909236e-02
-5.763525805165115035e-02
-5.755708176139289617e-02
-5.747929635258593184e-02
-5.740189987082300327e-02
-5.732489037146888677e-02
-5.724826591961153927e-02
-5.717202459001348436e-02
-5.709616446706341358e-02
-5.702068364472809986e-02
-5.694558022650445667e-02
-5.687085232537193724e-02
-5.679649806374507948e-02
-5.672251557342635614e-02
-5.664890299555922631e-02
-5.657565848058142971e-02
-5.650278018817852382e-02
-5.643026628723762927e-02
-5.635811495580143882e-02
-5.628632438102243452e-02
-5.621489275911732003e-02
-5.614381829532173046e-02
-5.607309920384512258e-02
-5.600273370782589410e-02
-5.593272003928676656e-02
-5.586305643909033475e-02
-5.579374115689487990e-02
-5.572477245111040478e-02
-5.565614858885484934e-02
-5.558786784591057684e-02
-5.551992850668102664e-02
-5.545232886414762363e-02
-5.538506721982688896e-02
-5.531814188372775193e-02
-5.525155117430911172e-02
-5.518529341843756569e-02
-5.511936695134538045e-02
-5.505377011658865033e-02
-5.498850126600570570e-02
-5.492355875967567386e-02
-5.485894096587729668e-02
-5.479464626104790792e-02
-5.473067302974266718e-02
-5.466701966459395351e-02
-5.460368456627098105e-02
-5.454066614343962283e-02
-5.447796281272242191e-02
-5.441557299865881075e-02
-5.435349513366551782e-02
-5.429172765799718942e-02
-5.423026901970720570e-02
-5.416911767460867028e-02
-5.410827208623562867e-02
-5.404773072580445342e-02
-5.398749207217543034e-02
-5.392755461181455295e-02
-5.386791683875548353e-02
-5.380857725456170831e-02
-5.374953436828890097e-02
-5.369078669644745949e-02
-5.363233276296522356e-02
-5.357417109915039999e-02
-5.351630024365464783e-02
-5.345871874243637162e-02
-5.340142514872418811e-02
-5.334441802298056645e-02
-5.328769593286566270e-02
-5.323125745320133467e-02
-5.317510116593533037e-02
-5.311922566010565672e-02
-5.306362953180512876e-02
-5.300831138414610622e-02
-5.295326982722537573e-02
-5.289850347808924824e-02
-5.284401096069880205e-02
-5.278979090589530632e-02
-5.273584195136583191e-02
-5.268216274160900103e-02
-5.262875192790095885e-02
-5.257560816826145622e-02
-5.252273012742014746e-02
-5.247011647678304774e-02
-5.241776589439912926e-02
-5.236567706492713248e-02
-5.231384867960249541e-02
-5.226227943620448402e-02
-5.221096803902346151e-02
-5.215991319882834487e-02
-5.210911363283420028e-02
-5.205856806467003273e-02
-5.200827522434667977e-02
-5.195823384822494811e-02
-5.190844267898382658e-02
-5.185890046558890715e-02
-5.180960596326096568e-02
-5.176055793344466055e-02
-5.171175514377743948e-02
-5.166319636805855042e-02
-5.161488038621826063e-02
-5.156680598428716594e-02
-5.151897195436572902e-02
-5.147137709459390087e-02
-5.142402020912092975e-02
-5.137690010807532265e-02
-5.133001560753494563e-02
-5.128336552949726984e-02
-5.123694870184978406e-02
-5.119076395834053217e-02
-5.114481013854883101e-02
-5.109908608785608541e-02
-5.105359065741680441e-02
-5.100832270412972158e-02
-5.096328109060907496e-02
-5.091846468515603269e-02
-5.087387236173025046e-02
-5.082950299992160248e-02
-5.078535548492199569e-02
-5.074142870749738521e-02
-5.069772156395990076e-02
-5.065423295614009808e-02
-5.061096179135939760e-02
-5.056790698240259951e-02
-5.052506744749058615e-02
-5.048244211025313538e-02
-5.044002989970187284e-02
-5.039782975020336286e-02
-5.035584060145234520e-02
-5.031406139844508268e-02
-5.027249109145285472e-02
-5.023112863599558942e-02
-5.018997299281561381e-02
-5.014902312785153582e-02
-5.010827801221227895e-02
-5.006773662215122100e-02
-5.002739793904046467e-02
-4.998726094934526076e-02
-6.500000000000000222e-02
-6.500000000000000222e-02
-6.500000000000000222e-02
-6.500000000000000222e-02
-6.500000000000000222e-02
-6.500000000000000222e-02
-6.500000000000000222e-02
-6.500000000000000222e-02
-6.500000000000000222e-02
-6.500000000000000222e-02
-6.500000000000000222e-02
-6.500000000000000222e-02
-6.500000000000000222e-02
-6.500000000000000222e-02
-6.500000000000000222e-02
-6.500000000000000222e-02
-6.500000000000000222e-02
-6.500000000000000222e-02
-6.500000000000000222e-02
-6.500000000000000222e-02
-6.488499999999999823e-02
-6.477057499999999690e-02
-6.465672212499999627e-02
-6.454343851437499557e-02
-6.443072132180312217e-02
-6.431856771519410543e-02
-6.420697487661813918e-02
-6.409594000223504950e-02
-6.398546030222387881e-02
-6.387553300071276141e-02
-6.376615533570920147e-02
-6.365732455903065634e-02
-6.354903793623550845e-02
-6.344129274655432860e-02
-6.333408628282155561e-02
-6.322741585140745357e-02
-6.312127877215041594e-02
-6.301567237828965828e-02
-6.291059401639821635e-02
-6.280604104631622164e-02
-6.270201084108463496e-02
-6.259850078687921593e-02
-6.249550828294481858e-02
-6.239303074153009637e-02
-6.229106558782244313e-02
-6.218961025988332947e-02
-6.208866220858390989e-02
-6.198821889754099063e-02
-6.188827780305328902e-02
-6.178883641403802585e-02
-6.168989223196783694e-02
-6.159144277080799701e-02
-6.149348555695395568e-02
-6.139601812916918588e-02
-6.129903803852333743e-02
-6.120254284833072378e-02
-6.110653013408907236e-02
-6.101099748341862888e-02
-6.091594249600153915e-02
-6.082136278352152925e-02
-6.072725596960391881e-02
-6.063361968975589794e-02
-6.054045159130711645e-02
-6.044774933335057832e-02
-6.035551058668382762e-02
-6.026373303375040513e-02
-6.017241436858165177e-02
-6.008155229673874109e-02
-5.999114453525504487e-02
-5.990118881257876920e-02
-5.981168286851587523e-02
-5.972262445417329813e-02
-5.963401133190242981e-02
-5.954584127524292086e-02
-5.945811206886670447e-02
-5.937082150852237422e-02
-5.928396740097976320e-02
-5.919754756397486301e-02
-5.911155982615498572e-02
-5.902600202702421028e-02
-5.894087201688909261e-02
-5.885616765680464629e-02
-5.877188681852062169e-02
-5.868802738442802092e-02
-5.860458724750588350e-02
-5.852156431126835645e-02
-5.843895648971201423e-02
-5.835676170726345618e-02
-5.827497789872713996e-02
-5.819360300923350632e-02
-5.811263499418733991e-02
-5.803207181921640062e-02
-5.795191146012031863e-02
-5.787215190281971844e-02
-5.779279114330562045e-02
-5.771382718758909236e-02
-5.763525805165115035e-02
-5.755708176139289617e-02
-5.747929635258593184e-02
-5.740189987082300327e-02
-5.732489037146888677e-02
-5.724826591961153927e-02
-5.717202459001348436e-02
-5.709616446706341358e-02
-5.702068364472809986e-02
-5.694558022650445667e-02
-5.687085232537193724e-02
-5.679649806374507948e-02
-5.672251557342635614e-02
-5.664890299555922631e-02
-5.657565848058142971e-02
-5.650278018817852382e-02
-5.643026628723762927e-02
-5.635811495580143882e-02
-5.628632438102243452e-02
-5.621489275911732003e-02
-5.614381829532173046e-02
-5.607309920384512258e-02
-5.600273370782589410e-02
-5.593272003928676656e-02
-5.586305643909033475e-02
-5.579374115689487990e-02
-5.572477245111040478e-02
-5.565614858885484934e-02
-5.558786784591057684e-02
-5.551992850668102664e-02
-5.545232886414762363e-02
-5.538506721982688896e-02
-5.531814188372775193e-02
-5.525155117430911172e-02
-5.518529341843756569e-02
-5.511936695134538045e-02
-5.505377011658865033e-02
-5.498850126600570570e-02
-5.492355875967567386e-02
-5.485894096587729668e-02
-5.479464626104790792e-02
-5.473067302974266718e-02
-5.466701966459395351e-02
-5.460368456627098105e-02
-5.454066614343962283e-02
-5.447796281272242191e-02
-5.441557299865881075e-02
-5.435349513366551782e-02
-5.429172765799718942e-02
-5.423026901970720570e-02
-5.416911767460867028e-02
-5.410827208623562867e-02
-5.404773072580445342e-02
-5.398749207217543034e-02
-5.392755461181455295e-02
-5.386791683875548353e-02
-5.380857725456170831e-02
-5.374953436828890097e-02
-5.369078669644745949e-02
-5.363233276296522356e-02
-5.357417109915039999e-02
-5.351630024365464783e-02
-5.345871874243637162e-02
-5.340142514872418811e-02
-5.334441802298056645e-02
-5.328769593286566270e-02
-5.323125745320133467e-02
-5.317510116593533037e-02
-5.311922566010565672e-02
-5.306362953180512876e-02
-5.300831138414610622e-02
-5.295326982722537573e-02
-5.289850347808924824e-02
-5.284401096069880205e-02
-5.278979090589530632e-02
-5.273584195136583191e-02
-5.268216274160900103e-02
-5.262875192790095885e-02
-5.257560816826145622e-02
-5.252273012742014746e-02
-5.247011647678304774e-02
-5.241776589439912926e-02
-5.236567706492713248e-02
-5.231384867960249541e-02
-5.226227943620448402e-02
-5.221096803902346151e-02
-5.215991319882834487e-02
-5.210911363283420028e-02
-5.205856806467003273e-02
-5.200827522434667977e-02
-5.195823384822494811e-02
-5.190844267898382658e-02
-5.185890046558890715e-02
-5.180960596326096568e-02
-5.176055793344466055e-02
-5.171175514377743948e-02
-5.166319636805855042e-02
-5.161488038621826063e-02
-5.156680598428716594e-02
-5.151897195436572902e-02
-5.147137709459390087e-02
-5.142402020912092975e-02
-5.137690010807532265e-02
-5.133001560753494563e-02
-5.128336552949726984e-02
-5.123694870184978406e-02
-5.119076395834053217e-02
-5.114481013854883101e-02
-5.109908608785608541e-02
-5.105359065741680441e-02
-5.100832270412972158e-02
-5.096328109060907496e-02
-5.091846468515603269e-02
-5.087387236173025046e-02
-5.082950299992160248e-02
-5.078535548492199569e-02
-5.074142870749738521e-02
-5.069772156395990076e-02
-5.065423295614009808e-02
-5.061096179135939760e-02
-5.056790698240259951e-02
-5.052506744749058615e-02
-5.048244211025313538e-02
-5.044002989970187284e-02
-5.039782975020336286e-02
-5.035584060145234520e-02
-5.031406139844508268e-02
-5.027249109145285472e-02
-5.023112863599558942e-02
-5.018997299281561381e-02
-5.014902312785153582e-02
-5.010827801221227895e-02
-5.006773662215122100e-02
-5.002739793904046467e-02
-4.998726094934526076e-02
-6.500000000000000222e-02
-6.500000000000000222e-02
-6.500000000000000222e-02
-6.500000000000000222e-02
-6.500000000000000222e-02
-6.500000000000000222e-02
-6.500000000000000222e-02
-6.500000000000000222e-02
-6.500000000000000222e-02
-6.500000000000000222e-02
-6.500000000000000222e-02
-6.500000000000000222e-02
-6.500000000000000222e-02
-6.500000000000000222e-02
-6.500000000000000222e-02
-6.500000000000000222e-02
-6.500000000000000222e-02
-6.500000000000000222e-02
-6.500000000000000222e-02
-6.500000000000000222e-02
-6.488499999999999823e-02
-6.477057499999999690e-02
-6.465672212499999627e-02
-6.454343851437499557e-02
-6.443072132180312217e-02
-6.431856771519410543e-02
-6.420697487661813918e-02
-6.409594000223504950e-02
-6.398546030222387881e-02
-6.387553300071276141e-02
-6.376615533570920147e-02
-6.365732455903065634e-02
-6.354903793623550845e-02
-6.344129274655432860e-02
-6.333408628282155561e-02
-6.322741585140745357e-02
-6.312127877215041594e-02
-6.301567237828965828e-02
-6.291059401639821635e-02
-6.280604104631622164e-02
-6.270201084108463496e-02
-6.259850078687921593e-02
-6.249550828294481858e-02
-6.239303074153009637e-02
-6.229106558782244313e-02
-6.218961025988332947e-02
-6.208866220858390989e-02
-6.198821889754099063e-02
-6.188827780305328902e-02
-6.178883641403802585e-02
-6.168989223196783694e-02
-6.159144277080799701e-02
-6.149348555695395568e-02
-6.139601812916918588e-02
-6.129903803852333743e-02
-6.120254284833072378e-02
-6.110653013408907236e-02
-6.101099748341862888e-02
-6.091594249600153915e-02
-6.082136278352152925e-02
-6.072725596960391881e-02
-6.063361968975589794e-02
-6.054045159130711645e-02
-6.044774933335057832e-02
-6.035551058668382762e-02
-6.026373303375040513e-02
-6.017241436858165177e-02
-6.008155229673874109e-02
-5.999114453525504487e-02
-5.990118881257876920e-02
-5.981168286851587523e-02
-5.972262445417329813e-02
-5.963401133190242981e-02
-5.954584127524292086e-02
-5.945811206886670447e-02
-5.937082150852237422e-02
-5.928396740097976320e-02
-5.919754756397486301e-02
-5.911155982615498572e-02
-5.902600202702421028e-02
-5.894087201688909261e-02
-5.885616765680464629e-02
-5.877188681852062169e-02
-5.868802738442802092e-02
-5.860458724750588350e-02
-5.852156431126835645e-02
-5.843895648971201423e-02
-5.835676170726345618e-02
-5.827497789872713996e-02
-5.819360300923350632e-02
-5.811263499418733991e-02
-5.803207181921640062e-02
-5.795191146012031863e-02
-5.787215190281971844e-02
-5.779279114330562045e-02
-5.771382718758909236e-02
-5.763525805165115035e-02
-5.755708176139289617e-02
-5.747929635258593184e-02
-5.740189987082300327e-02
-5.732489037146888677e-02
-5.724826591961153927e-02
-5.717202459001348436e-02
-5.709616446706341358e-02
-5.702068364472809986e-02
-5.694558022650445667e-02
-5.687085232537193724e-02
-5.679649806374507948e-02
-5.672251557342635614e-02
-5.664890299555922631e-02
-5.657565848058142971e-02
-5.650278018817852382e-02
-5.643026628723762927e-02
-5.635811495580143882e-02
-5.628632438102243452e-02
-5.621489275911732003e-02
-5.614381829532173046e-02
-5.607309920384512258e-02
-5.600273370782589410e-02
-5.593272003928676656e-02
-5.586305643909033475e-02
-5.579374115689487990e-02
-5.572477245111040478e-02
-5.565614858885484934e-02
-5.558786784591057684e-02
-5.551992850668102664e-02
-5.545232886414762363e-02
-5.538506721982688896e-02
-5.531814188372775193e-02
-5.525155117430911172e-02
-5.518529341843756569e-02
-5.511936695134538045e-02
-5.505377011658865033e-02
-5.498850126600570570e-02
-5.492355875967567386e-02
-5.485894096587729668e-02
-5.479464626104790792e-02
-5.473067302974266718e-02
-5.466701966459395351e-02
-5.460368456627098105e-02
-5.454066614343962283e-02
-5.447796281272242191e-02
-5.441557299865881075e-02
-5.435349513366551782e-02
-5.429172765799718942e-02
-5.423026901970720570e-02
-5.416911767460867028e-02
-5.410827208623562867e-02
-5.404773072580445342e-02
-5.398749207217543034e-02
-5.392755461181455295e-02
-5.386791683875548353e-02
-5.380857725456170831e-02
-5.374953436828890097e-02
-5.369078669644745949e-02
-5.363233276296522356e-02
-5.357417109915039999e-02
-5.351630024365464783e-02
-5.345871874243637162e-02
-5.340142514872418811e-02
-5.334441802298056645e-02
-5.328769593286566270e-02
-5.323125745320133467e-02
-5.317510116593533037e-02
-5.311922566010565672e-02
-5.306362953180512876e-02
-5.300831138414610622e-02
-5.295326982722537573e-02
-5.289850347808924824e-02
-5.284401096069880205e-02
-5.278979090589530632e-02
-5.273584195136583191e-02
-5.268216274160900103e-02
-5.262875192790095885e-02
-5.257560816826145622e-02
-5.252273012742014746e-02
-5.247011647678304774e-02
-5.241776589439912926e-02
-5.236567706492713248e-02
-5.231384867960249541e-02
-5.226227943620448402e-02
-5.221096803902346151e-02
-5.215991319882834487e-02
-5.210911363283420028e-02
-5.205856806467003273e-02
-5.200827522434667977e-02
-5.195823384822494811e-02
-5.190844267898382658e-02
-5.185890046558890715e-02
-5.180960596326096568e-02
-5.176055793344466055e-02
-5.171175514377743948e-02
-5.166319636805855042e-02
-5.161488038621826063e-02
-5.156680598428716594e-02
-5.151897195436572902e-02
-5.147137709459390087e-02
-5.142402020912092975e-02
-5.137690010807532265e-02
-5.133001560753494563e-02
-5.128336552949726984e-02
-5.123694870184978406e-02
-5.119076395834053217e-02
-5.114481013854883101e-02
-5.109908608785608541e-02
-5.105359065741680441e-02
-5.100832270412972158e-02
-5.096328109060907496e-02
-5.091846468515603269e-02
-5.087387236173025046e-02
-5.082950299992160248e-02
-5.078535548492199569e-02
-5.074142870749738521e-02
-5.069772156395990076e-02
-5.065423295614009808e-02
-5.061096179135939760e-02
-5.056790698240259951e-02
-5.052506744749058615e-02
-5.048244211025313538e-02
-5.044002989970187284e-02
-5.039782975020336286e-02
-5.035584060145234520e-02
-5.031406139844508268e-02
-5.027249109145285472e-02
-5.023112863599558942e-02
-5.018997299281561381e-02
-5.014902312785153582e-02
-5.010827801221227895e-02
-5.006773662215122100e-02
-5.002739793904046467e-02
-4.998726094934526076e-02
-6.500000000000000222e-02
-6.500000000000000222e-02
-6.500000000000000222e-02
-6.500000000000000222e-02
-6.500000000000000222e-02
-6.500000000000000222e-02
-6.500000000000000222e-02
-6.500000000000000222e-02
-6.500000000000000222e-02
-6.500000000000000222e-02
-6.500000000000000222e-02
-6.500000000000000222e-02
-6.500000000000000222e-02
-6.500000000000000222e-02
-6.500000000000000222e-02
-6.500000000000000222e-02
-6.500000000000000222e-02
-6.500000000000000222e-02
-6.500000000000000222e-02
-6.500000000000000222e-02
-6.488499999999999823e-02
-6.477057499999999690e-02
-6.465672212499999627e-02
-6.454343851437499557e-02
-6.443072132180312217e-02
-6.431856771519410543e-02
-6.420697487661813918e-02
-6.409594000223504950e-02
-6.398546030222387881e-02
-6.387553300071276141e-02
-6.376615533570920147e-02
-6.365732455903065634e-02
-6.354903793623550845e-02
-6.344129274655432860e-02
-6.333408628282155561e-02
-6.322741585140745357e-02
-6.312127877215041594e-02
-6.301567237828965828e-02
-6.291059401639821635e-02
-6.280604104631622164e-02
-6.270201084108463496e-02
-6.259850078687921593e-02
-6.249550828294481858e-02
-6.239303074153009637e-02
-6.229106558782244313e-02
-6.218961025988332947e-02
-6.208866220858390989e-02
-6.198821889754099063e-02
-6.188827780305328902e-02
-6.178883641403802585e-02
-6.168989223196783694e-02
-6.159144277080799701e-02
-6.149348555695395568e-02
-6.139601812916918588e-02
-6.129903803852333743e-02
-6.120254284833072378e-02
-6.110653013408907236e-02
-6.101099748341862888e-02
-6.091594249600153915e-02
-6.082136278352152925e-02
-6.072725596960391881e-02
-6.063361968975589794e-02
-6.054045159130711645e-02
-6.044774933335057832e-02
-6.035551058668382762e-02
-6.026373303375040513e-02
-6.017241436858165177e-02
-6.008155229673874109e-02
-5.999114453525504487e-02
-5.990118881257876920e-02
-5.981168286851587523e-02
-5.972262445417329813e-02
-5.963401133190242981e-02
-5.954584127524292086e-02
-5.945811206886670447e-02
-5.937082150852237422e-02
-5.928396740097976320e-02
-5.919754756397486301e-02
-5.911155982615498572e-02
-5.902600202702421028e-02
-5.894087201688909261e-02
-5.885616765680464629e-02
-5.877188681852062169e-02
-5.868802738442802092e-02
-5.860458724750588350e-02
-5.852156431126835645e-02
-5.843895648971201423e-02
-5.835676170726345618e-02
-5.827497789872713996e-02
-5.819360300923350632e-02
-5.811263499418733991e-02
-5.803207181921640062e-02
-5.795191146012031863e-02
-5.787215190281971844e-02
-5.779279114330562045e-02
-5.771382718758909236e-02
-5.763525805165115035e-02
-5.755708176139289617e-02
-5.747929635258593184e-02
-5.740189987082300327e-02
-5.732489037146888677e-02
-5.724826591961153927e-02
-5.717202459001348436e-02
-5.709616446706341358e-02
-5.702068364472809986e-02
-5.694558022650445667e-02
-5.687085232537193724e-02
-5.679649806374507948e-02
-5.672251557342635614e-02
-5.664890299555922631e-02
-5.657565848058142971e-02
-5.650278018817852382e-02
-5.643026628723762927e-02
-5.635811495580143882e-02
-5.628632438102243452e-02
-5.621489275911732003e-02
-5.614381829532173046e-02
-5.607309920384512258e-02
-5.600273370782589410e-02
-5.593272003928676656e-02
-5.586305643909033475e-02
-5.579374115689487990e-02
-5.572477245111040478e-02
-5.565614858885484934e-02
-5.558786784591057684e-02
-5.551992850668102664e-02
-5.545232886414762363e-02
-5.538506721982688896e-02
-5.531814188372775193e-02
-5.525155117430911172e-02
-5.518529341843756569e-02
-5.511936695134538045e-02
-5.505377011658865033e-02
-5.498850126600570570e-02
-5.492355875967567386e-02
-5.485894096587729668e-02
-5.479464626104790792e-02
-5.473067302974266718e-02
-5.466701966459395351e-02
-5.460368456627098105e-02
-5.454066614343962283e-02
-5.447796281272242191e-02
-5.441557299865881075e-02
-5.435349513366551782e-02
-5.429172765799718942e-02
-5.423026901970720570e-02
-5.416911767460867028e-02
-5.410827208623562867e-02
-5.404773072580445342e-02
-5.398749207217543034e-02
-5.392755461181455295e-02
-5.386791683875548353e-02
-5.380857725456170831e-02
-5.374953436828890097e-02
-5.369078669644745949e-02
-5.363233276296522356e-02
-5.357417109915039999e-02
-5.351630024365464783e-02
-5.345871874243637162e-02
-5.340142514872418811e-02
-5.334441802298056645e-02
-5.328769593286566270e-02
-5.323125745320133467e-02
-5.317510116593533037e-02
-5.311922566010565672e-02
-5.306362953180512876e-02
-5.300831138414610622e-02
-5.295326982722537573e-02
-5.289850347808924824e-02
-5.284401096069880205e-02
-5.278979090589530632e-02
-5.273584195136583191e-02
-5.268216274160900103e-02
-5.262875192790095885e-02
-5.257560816826145622e-02
-5.252273012742014746e-02
-5.247011647678304774e-02
-5.241776589439912926e-02
-5.236567706492713248e-02
-5.231384867960249541e-02
-5.226227943620448402e-02
-5.221096803902346151e-02
-5.215991319882834487e-02
-5.210911363283420028e-02
-5.205856806467003273e-02
-5.200827522434667977e-02
-5.195823384822494811e-02
-5.190844267898382658e-02
-5.185890046558890715e-02
-5.180960596326096568e-02
-5.176055793344466055e-02
-5.171175514377743948e-02
-5.166319636805855042e-02
-5.161488038621826063e-02
-5.156680598428716594e-02
-5.151897195436572902e-02
-5.147137709459390087e-02
-5.142402020912092975e-02
-5.137690010807532265e-02
-5.133001560753494563e-02
-5.128336552949726984e-02
-5.123694870184978406e-02
-5.119076395834053217e-02
-5.114481013854883101e-02
-5.109908608785608541e-02
-5.105359065741680441e-02
-5.100832270412972158e-02
-5.096328109060907496e-02
-5.091846468515603269e-02
-5.087387236173025046e-02
-5.082950299992160248e-02
-5.078535548492199569e-02
-5.074142870749738521e-02
-5.069772156395990076e-02
-5.065423295614009808e-02
-5.061096179135939760e-02
-5.056790698240259951e-02
-5.052506744749058615e-02
-5.048244211025313538e-02
-5.044002989970187284e-02
-5.039782975020336286e-02
-5.035584060145234520e-02
-5.031406139844508268e-02
-5.027249109145285472e-02
-5.023112863599558942e-02
-5.018997299281561381e-02
-5.014902312785153582e-02
-5.010827801221227895e-02
-5.006773662215122100e-02
-5.002739793904046467e-02
-4.998726094934526076e-02
-6.500000000000000222e-02
-6.500000000000000222e-02
-6.500000000000000222e-02
-6.500000000000000222e-02
-6.500000000000000222e-02
-6.500000000000000222e-02
-6.500000000000000222e-02
-6.500000000000000222e-02
-6.500000000000000222e-02
-6.500000000000000222e-02
-6.500000000000000222e-02
-6.500000000000000222e-02
-6.500000000000000222e-02
-6.500000000000000222e-02
-6.500000000000000222e-02
-6.500000000000000222e-02
-6.500000000000000222e-02
-6.500000000000000222e-02
-6.500000000000000222e-02
-6.500000000000000222e-02
-6.488499999999999823e-02
-6.477057499999999690e-02
-6.465672212499999627e-02
-6.454343851437499557e-02
-6.443072132180312217e-02
-6.431856771519410543e-02
-6.420697487661813918e-02
-6.409594000223504950e-02
-6.398546030222387881e-02
-6.387553300071276141e-02
-6.376615533570920147e-02
-6.365732455903065634e-02
-6.354903793623550845e-02
-6.344129274655432860e-02
-6.333408628282155561e-02
-6.322741585140745357e-02
-6.312127877215041594e-02
-6.301567237828965828e-02
-6.291059401639821635e-02
-6.280604104631622164e-02
-6.270201084108463496e-02
-6.259850078687921593e-02
-6.249550828294481858e-02
-6.239303074153009637e-02
-6.229106558782244313e-02
-6.218961025988332947e-02
-6.208866220858390989e-02
-6.198821889754099063e-02
-6.188827780305328902e-02
-6.178883641403802585e-02
-6.168989223196783694e-02
-6.159144277080799701e-02
-6.149348555695395568e-02
-6.139601812916918588e-02
-6.129903803852333743e-02
-6.120254284833072378e-02
-6.110653013408907236e-02
-6.101099748341862888e-02
-6.091594249600153915e-02
-6.082136278352152925e-02
-6.072725596960391881e-02
-6.063361968975589794e-02
-6.054045159130711645e-02
-6.044774933335057832e-02
-6.035551058668382762e-02
-6.026373303375040513e-02
-6.017241436858165177e-02
-6.008155229673874109e-02
-5.999114453525504487e-02
-5.990118881257876920e-02
-5.981168286851587523e-02
-5.972262445417329813e-02
-5.963401133190242981e-02
-5.954584127524292086e-02
-5.945811206886670447e-02
-5.937082150852237422e-02
-5.928396740097976320e-02
-5.919754756397486301e-02
-5.911155982615498572e-02
-5.902600202702421028e-02
-5.894087201688909261e-02
-5.885616765680464629e-02
-5.877188681852062169e-02
-5.868802738442802092e-02
-5.860458724750588350e-02
-5.852156431126835645e-02
-5.843895648971201423e-02
-5.835676170726345618e-02
-5.827497789872713996e-02
-5.819360300923350632e-02
-5.811263499418733991e-02
-5.803207181921640062e-02
-5.795191146012031863e-02
-5.787215190281971844e-02
-5.779279114330562045e-02
-5.771382718758909236e-02
-5.763525805165115035e-02
-5.755708176139289617e-02
-5.747929635258593184e-02
-5.740189987082300327e-02
-5.732489037146888677e-02
-5.724826591961153927e-02
-5.717202459001348436e-02
-5.709616446706341358e-02
-5.702068364472809986e-02
-5.694558022650445667e-02
-5.687085232537193724e-02
-5.679649806374507948e-02
-5.672251557342635614e-02
-5.664890299555922631e-02
-5.657565848058142971e-02
-5.650278018817852382e-02
-5.643026628723762927e-02
-5.635811495580143882e-02
-5.628632438102243452e-02
-5.621489275911732003e-02
-5.614381829532173046e-02
-5.607309920384512258e-02
-5.600273370782589410e-02
-5.593272003928676656e-02
-5.586305643909033475e-02
-5.579374115689487990e-02
-5.572477245111040478e-02
-5.565614858885484934e-02
-5.558786784591057684e-02
-5.551992850668102664e-02
-5.545232886414762363e-02
-5.538506721982688896e-02
-5.531814188372775193e-02
-5.525155117430911172e-02
-5.518529341843756569e-02
-5.511936695134538045e-02
-5.505377011658865033e-02
-5.498850126600570570e-02
-5.492355875967567386e-02
-5.485894096587729668e-02
-5.479464626104790792e-02
-5.473067302974266718e-02
-5.466701966459395351e-02
-5.460368456627098105e-02
-5.454066614343962283e-02
-5.447796281272242191e-02
-5.441557299865881075e-02
-5.435349513366551782e-02
-5.429172765799718942e-02
-5.423026901970720570e-02
-5.416911767460867028e-02
-5.410827208623562867e-02
-5.404773072580445342e-02
-5.398749207217543034e-02
-5.392755461181455295e-02
-5.386791683875548353e-02
-5.380857725456170831e-02
-5.374953436828890097e-02
-5.369078669644745949e-02
-5.363233276296522356e-02
-5.357417109915039999e-02
-5.351630024365464783e-02
-5.345871874243637162e-02
-5.340142514872418811e-02
-5.334441802298056645e-02
-5.328769593286566270e-02
-5.323125745320133467e-02
-5.317510116593533037e-02
-5.311922566010565672e-02
-5.306362953180512876e-02
-5.300831138414610622e-02
-5.295326982722537573e-02
-5.289850347808924824e-02
-5.284401096069880205e-02
-5.278979090589530632e-02
-5.273584195136583191e-02
-5.268216274160900103e-02
-5.262875192790095885e-02
-5.257560816826145622e-02
-5.252273012742014746e-02
-5.247011647678304774e-02
-5.241776589439912926e-02
-5.236567706492713248e-02
-5.231384867960249541e-02
-5.226227943620448402e-02
-5.221096803902346151e-02
-5.215991319882834487e-02
-5.210911363283420028e-02
-5.205856806467003273e-02
-5.200827522434667977e-02
-5.195823384822494811e-02
-5.190844267898382658e-02
-5.185890046558890715e-02
-5.180960596326096568e-02
-5.176055793344466055e-02
-5.171175514377743948e-02
-5.166319636805855042e-02
-5.161488038621826063e-02
-5.156680598428716594e-02
-5.151897195436572902e-02
-5.147137709459390087e-02
-5.142402020912092975e-02
-5.137690010807532265e-02
-5.133001560753494563e-02
-5.128336552949726984e-02
-5.123694870184978406e-02
-5.119076395834053217e-02
-5.114481013854883101e-02
-5.109908608785608541e-02
-5.105359065741680441e-02
-5.100832270412972158e-02
-5.096328109060907496e-02
-5.091846468515603269e-02
-5.087387236173025046e-02
-5.082950299992160248e-02
-5.078535548492199569e-02
-5.074142870749738521e-02
-5.069772156395990076e-02
-5.065423295614009808e-02
-5.061096179135939760e-02
-5.056790698240259951e-02
-5.052506744749058615e-02
-5.048244211025313538e-02
-5.044002989970187284e-02
-5.039782975020336286e-02
-5.035584060145234520e-02
-5.031406139844508268e-02
-5.027249109145285472e-02
-5.023112863599558942e-02
-5.018997299281561381e-02
-5.014902312785153582e-02
-5.010827801221227895e-02
-5.006773662215122100e-02
-5.002739793904046467e-02
-4.998726094934526076e-02
-6.500000000000000222e-02
-6.500000000000000222e-02
-6.500000000000000222e-02
-6.500000000000000222e-02
-6.500000000000000222e-02
-6.500000000000000222e-02
-6.500000000000000222e-02
-6.500000000000000222e-02
-6.500000000000000222e-02
-6.500000000000000222e-02
-6.500000000000000222e-02
-6.500000000000000222e-02
-6.500000000000000222e-02
-6.500000000000000222e-02
-6.500000000000000222e-02
-6.500000000000000222e-02
-6.500000000000000222e-02
-6.500000000000000222e-02
-6.500000000000000222e-02
-6.500000000000000222e-02
-6.488499999999999823e-02
-6.477057499999999690e-02
-6.465672212499999627e-02
-6.454343851437499557e-02
-6.443072132180312217e-02
-6.431856771519410543e-02
-6.420697487661813918e-02
-6.409594000223504950e-02
-6.398546030222387881e-02
-6.387553300071276141e-02
-6.376615533570920147e-02
-6.365732455903065634e-02
-6.354903793623550845e-02
-6.344129274655432860e-02
-6.333408628282155561e-02
-6.322741585140745357e-02
-6.312127877215041594e-02
-6.301567237828965828e-02
-6.291059401639821635e-02
-6.280604104631622164e-02
-6.270201084108463496e-02
-6.259850078687921593e-02
-6.249550828294481858e-02
-6.239303074153009637e-02
-6.229106558782244313e-02
-6.218961025988332947e-02
-6.208866220858390989e-02
-6.198821889754099063e-02
-6.188827780305328902e-02
-6.178883641403802585e-02
-6.168989223196783694e-02
-6.159144277080799701e-02
-6.149348555695395568e-02
-6.139601812916918588e-02
-6.129903803852333743e-02
-6.120254284833072378e-02
-6.110653013408907236e-02
-6.101099748341862888e-02
-6.091594249600153915e-02
-6.082136278352152925e-02
-6.072725596960391881e-02
-6.063361968975589794e-02
-6.054045159130711645e-02
-6.044774933335057832e-02
-6.035551058668382762e-02
-6.026373303375040513e-02
-6.017241436858165177e-02
-6.008155229673874109e-02
-5.999114453525504487e-02
-5.990118881257876920e-02
-5.981168286851587523e-02
-5.972262445417329813e-02
-5.963401133190242981e-02
-5.954584127524292086e-02
-5.945811206886670447e-02
-5.937082150852237422e-02
-5.928396740097976320e-02
-5.919754756397486301e-02
-5.911155982615498572e-02
-5.902600202702421028e-02
-5.894087201688909261e-02
-5.885616765680464629e-02
-5.877188681852062169e-02
-5.868802738442802092e-02
-5.860458724750588350e-02
-5.852156431126835645e-02
-5.843895648971201423e-02
-5.835676170726345618e-02
-5.827497789872713996e-02
-5.819360300923350632e-02
-5.811263499418733991e-02
-5.803207181921640062e-02
-5.795191146012031863e-02
-5.787215190281971844e-02
-5.779279114330562045e-02
-5.771382718758909236e-02
-5.763525805165115035e-02
-5.755708176139289617e-02
-5.747929635258593184e-02
-5.740189987082300327e-02
-5.732489037146888677e-02
-5.724826591961153927e-02
-5.717202459001348436e-02
-5.709616446706341358e-02
-5.702068364472809986e-02
-5.694558022650445667e-02
-5.687085232537193724e-02
-5.679649806374507948e-02
-5.672251557342635614e-02
-5.664890299555922631e-02
-5.657565848058142971e-02
-5.650278018817852382e-02
-5.643026628723762927e-02
-5.635811495580143882e-02
-5.628632438102243452e-02
-5.621489275911732003e-02
-5.614381829532173046e-02
-5.607309920384512258e-02
-5.600273370782589410e-02
-5.593272003928676656e-02
-5.586305643909033475e-02
-5.579374115689487990e-02
-5.572477245111040478e-02
-5.565614858885484934e-02
-5.558786784591057684e-02
-5.551992850668102664e-02
-5.545232886414762363e-02
-5.538506721982688896e-02
-5.531814188372775193e-02
-5.525155117430911172e-02
-5.518529341843756569e-02
-5.511936695134538045e-02
-5.505377011658865033e-02
-5.498850126600570570e-02
-5.492355875967567386e-02
