-6.487750000000000461e-02
-6.475561250000000380e-02
-6.463433443750001006e-02
-6.451366276531250721e-02
-6.439359445148594430e-02
-6.427412647922851885e-02
-6.415525584683237637e-02
-6.403697956759821230e-02
-6.391929466976022101e-02
-6.380219819641141932e-02
-6.368568720542935879e-02
-6.356975876940221259e-02
-6.345440997555519547e-02
-6.333963792567741391e-02
-6.322543973604902168e-02
-6.311181253736877772e-02
-6.299875347468193720e-02
-6.288625970730853110e-02
-6.277432840877199272e-02
-6.266295676672813120e-02
-6.255214198289449357e-02
-6.244188127298001822e-02
-6.233217186661511866e-02
-6.222301100728204470e-02
-6.211439595224563237e-02
-6.200632397248440758e-02
-6.189879235262198826e-02
-6.179179839085887499e-02
-6.168533939890458173e-02
-6.157941270191005789e-02
-6.147401563840050598e-02
-6.136914556020850453e-02
-6.126479983240746413e-02
-6.116097583324542342e-02
-6.105767095407919898e-02
-6.095488259930880587e-02
-6.085260818631225976e-02
-6.075084514538069830e-02
-6.064959091965379384e-02
-6.054884296505552710e-02
-6.044859875023025214e-02
-6.034885575647910144e-02
-6.024961147769670317e-02
-6.015086342030821764e-02
-6.005260910320667916e-02
-5.995484605769064307e-02
-5.985757182740218674e-02
-5.976078396826517425e-02
-5.966448004842384717e-02
-5.956865764818172759e-02
-5.947331435994081955e-02
-5.937844778814111574e-02
-5.928405554920040954e-02
-5.919013527145440545e-02
-5.909668459509713478e-02
-5.900370117212164894e-02
-5.891118266626103883e-02
-5.881912675292973181e-02
-5.872753111916508006e-02
-5.863639346356925436e-02
-5.854571149625140830e-02
-5.845548293877014800e-02
-5.836570552407630008e-02
-5.827637699645591557e-02
-5.818749511147363468e-02
-5.809905763591626665e-02
-5.801106234773668879e-02
-5.792350703599800227e-02
-5.783638950081801400e-02
-5.774970755331392674e-02
-5.766345901554735531e-02
-5.757764172046962031e-02
-5.749225351186727090e-02
-5.740729224430793365e-02
-5.732275578308639735e-02
-5.723864200417096842e-02
-5.715494879415011081e-02
-5.707167405017936346e-02
-5.698881567992846592e-02
-5.690637160152882401e-02
-5.682433974352117667e-02
-5.674271804480356812e-02
-5.666150445457954904e-02
-5.658069693230664832e-02
-5.650029344764511546e-02
-5.642029198040689197e-02
-5.634069052050486026e-02
-5.626148706790233545e-02
-5.618267963256282083e-02
-5.610426623440000621e-02
-5.602624490322800910e-02
-5.594861367871186569e-02
-5.587137061031830637e-02
-5.579451375726671158e-02
-5.571804118848038001e-02
-5.564195098253797711e-02
-5.556624122762528900e-02
-5.549091002148716367e-02
-5.541595547137972977e-02
-5.534137569402283047e-02
-5.526716881555271410e-02
-5.519333297147495376e-02
-5.511986630661758202e-02
-5.504676697508449623e-02
-5.497403314020907206e-02
-5.490166297450802674e-02
-5.482965465963548363e-02
-5.475800638633730733e-02
-5.468671635440561923e-02
-5.461578277263359066e-02
-5.454520385877042327e-02
-5.447497783947657241e-02
-5.440510295027919246e-02
-5.433557743552779734e-02
-5.426639954835015683e-02
-5.419756755060840814e-02
-5.412907971285536857e-02
-5.406093431429109114e-02
-5.399312964271963527e-02
-5.392566399450603870e-02
-5.385853567453351143e-02
-5.379174299616084481e-02
-5.372528428118004268e-02
-5.365915785977413976e-02
-5.359336207047527001e-02
-5.352789526012289439e-02
-5.346275578382227861e-02
-5.339794200490316500e-02
-5.333345229487864575e-02
-5.326928503340425114e-02
-5.320543860823723215e-02
-5.314191141519604422e-02
-5.307870185812006703e-02
-5.301580834882946985e-02
-5.295322930708531994e-02
-5.289096316054989200e-02
-5.282900834474714424e-02
-5.276736330302340960e-02
-5.270602648650829503e-02
-5.264499635407575429e-02
-5.258427137230537590e-02
-5.252385001544385146e-02
-5.246373076536663127e-02
-5.240391211153979517e-02
-5.234439255098209676e-02
-5.228517058822718805e-02
-5.222624473528605232e-02
-5.216761351160962429e-02
-5.210927544405157680e-02
-5.205122906683131573e-02
-5.199347292149716221e-02
-5.193600555688967363e-02
-5.187882552910522832e-02
-5.182193140145970045e-02
-5.176532174445239859e-02
-5.170899513573013612e-02
-5.165295016005148204e-02
-5.159718540925122693e-02
-5.154169948220497371e-02
-5.148649098479395059e-02
-5.143155852986998344e-02
-5.137690073722063488e-02
-5.132251623353453057e-02
-5.126840365236685904e-02
-5.121456163410502416e-02
-5.116098882593449887e-02
-5.110768388180482458e-02
-5.105464546239579793e-02
-5.100187223508381718e-02
-5.094936287390839508e-02
-5.089711605953885221e-02
-5.084513047924115597e-02
-5.079340482684494701e-02
-5.074193780271072512e-02
-5.069072811369717407e-02
-5.063977447312868752e-02
-5.058907560076304072e-02
-5.053863022275922878e-02
-5.048843707164542977e-02
-5.043849488628720373e-02
-5.038880241185576814e-02
-5.033935839979648830e-02
-5.029016160779750666e-02
-5.024121079975851778e-02
-5.019250474575972371e-02
-5.014404222203092815e-02
-5.009582201092077636e-02
-5.004784290086617543e-02
-5.000010368636184643e-02
-4.995260316793003613e-02
-6.500000000000000222e-02
-6.500000000000000222e-02
-6.500000000000000222e-02
-6.500000000000000222e-02
-6.500000000000000222e-02
-6.500000000000000222e-02
-6.500000000000000222e-02
-6.500000000000000222e-02
-6.500000000000000222e-02
-6.500000000000000222e-02
-6.500000000000000222e-02
-6.500000000000000222e-02
-6.500000000000000222e-02
-6.500000000000000222e-02
-6.500000000000000222e-02
-6.500000000000000222e-02
-6.500000000000000222e-02
-6.500000000000000222e-02
-6.500000000000000222e-02
-6.500000000000000222e-02
-6.487750000000000461e-02
-6.475561250000000380e-02
-6.463433443750001006e-02
-6.451366276531250721e-02
-6.439359445148594430e-02
-6.427412647922851885e-02
-6.415525584683237637e-02
-6.403697956759821230e-02
-6.391929466976022101e-02
-6.380219819641141932e-02
-6.368568720542935879e-02
-6.356975876940221259e-02
-6.345440997555519547e-02
-6.333963792567741391e-02
-6.322543973604902168e-02
-6.311181253736877772e-02
-6.299875347468193720e-02
-6.288625970730853110e-02
-6.277432840877199272e-02
-6.266295676672813120e-02
-6.255214198289449357e-02
-6.244188127298001822e-02
-6.233217186661511866e-02
-6.222301100728204470e-02
-6.211439595224563237e-02
-6.200632397248440758e-02
-6.189879235262198826e-02
-6.179179839085887499e-02
-6.168533939890458173e-02
-6.157941270191005789e-02
-6.147401563840050598e-02
-6.136914556020850453e-02
-6.126479983240746413e-02
-6.116097583324542342e-02
-6.105767095407919898e-02
-6.095488259930880587e-02
-6.085260818631225976e-02
-6.075084514538069830e-02
-6.064959091965379384e-02
-6.054884296505552710e-02
-6.044859875023025214e-02
-6.034885575647910144e-02
-6.024961147769670317e-02
-6.015086342030821764e-02
-6.005260910320667916e-02
-5.995484605769064307e-02
-5.985757182740218674e-02
-5.976078396826517425e-02
-5.966448004842384717e-02
-5.956865764818172759e-02
-5.947331435994081955e-02
-5.937844778814111574e-02
-5.928405554920040954e-02
-5.919013527145440545e-02
-5.909668459509713478e-02
-5.900370117212164894e-02
-5.891118266626103883e-02
-5.881912675292973181e-02
-5.872753111916508006e-02
-5.863639346356925436e-02
-5.854571149625140830e-02
-5.845548293877014800e-02
-5.836570552407630008e-02
-5.827637699645591557e-02
-5.818749511147363468e-02
-5.809905763591626665e-02
-5.801106234773668879e-02
-5.792350703599800227e-02
-5.783638950081801400e-02
-5.774970755331392674e-02
-5.766345901554735531e-02
-5.757764172046962031e-02
-5.749225351186727090e-02
-5.740729224430793365e-02
-5.732275578308639735e-02
-5.723864200417096842e-02
-5.715494879415011081e-02
-5.707167405017936346e-02
-5.698881567992846592e-02
-5.690637160152882401e-02
-5.682433974352117667e-02
-5.674271804480356812e-02
-5.666150445457954904e-02
-5.658069693230664832e-02
-5.650029344764511546e-02
-5.642029198040689197e-02
-5.634069052050486026e-02
-5.626148706790233545e-02
-5.618267963256282083e-02
-5.610426623440000621e-02
-5.602624490322800910e-02
-5.594861367871186569e-02
-5.587137061031830637e-02
-5.579451375726671158e-02
-5.571804118848038001e-02
-5.564195098253797711e-02
-5.556624122762528900e-02
-5.549091002148716367e-02
-5.541595547137972977e-02
-5.534137569402283047e-02
-5.526716881555271410e-02
-5.519333297147495376e-02
-5.511986630661758202e-02
-5.504676697508449623e-02
-5.497403314020907206e-02
-5.490166297450802674e-02
-5.482965465963548363e-02
-5.475800638633730733e-02
-5.468671635440561923e-02
-5.461578277263359066e-02
-5.454520385877042327e-02
-5.447497783947657241e-02
-5.440510295027919246e-02
-5.433557743552779734e-02
-5.426639954835015683e-02
-5.419756755060840814e-02
-5.412907971285536857e-02
-5.406093431429109114e-02
-5.399312964271963527e-02
-5.392566399450603870e-02
-5.385853567453351143e-02
-5.379174299616084481e-02
-5.372528428118004268e-02
-5.365915785977413976e-02
-5.359336207047527001e-02
-5.352789526012289439e-02
-5.346275578382227861e-02
-5.339794200490316500e-02
-5.333345229487864575e-02
-5.326928503340425114e-02
-5.320543860823723215e-02
-5.314191141519604422e-02
-5.307870185812006703e-02
-5.301580834882946985e-02
-5.295322930708531994e-02
-5.289096316054989200e-02
-5.282900834474714424e-02
-5.276736330302340960e-02
-5.270602648650829503e-02
-5.264499635407575429e-02
-5.258427137230537590e-02
-5.252385001544385146e-02
-5.246373076536663127e-02
-5.240391211153979517e-02
-5.234439255098209676e-02
-5.228517058822718805e-02
-5.222624473528605232e-02
-5.216761351160962429e-02
-5.210927544405157680e-02
-5.205122906683131573e-02
-5.199347292149716221e-02
-5.193600555688967363e-02
-5.187882552910522832e-02
-5.182193140145970045e-02
-5.176532174445239859e-02
-5.170899513573013612e-02
-5.165295016005148204e-02
-5.159718540925122693e-02
-5.154169948220497371e-02
-5.148649098479395059e-02
-5.143155852986998344e-02
-5.137690073722063488e-02
-5.132251623353453057e-02
-5.126840365236685904e-02
-5.121456163410502416e-02
-5.116098882593449887e-02
-5.110768388180482458e-02
-5.105464546239579793e-02
-5.100187223508381718e-02
-5.094936287390839508e-02
-5.089711605953885221e-02
-5.084513047924115597e-02
-5.079340482684494701e-02
-5.074193780271072512e-02
-5.069072811369717407e-02
-5.063977447312868752e-02
-5.058907560076304072e-02
-5.053863022275922878e-02
-5.048843707164542977e-02
-5.043849488628720373e-02
-5.038880241185576814e-02
-5.033935839979648830e-02
-5.029016160779750666e-02
-5.024121079975851778e-02
-5.019250474575972371e-02
-5.014404222203092815e-02
-5.009582201092077636e-02
-5.004784290086617543e-02
-5.000010368636184643e-02
-4.995260316793003613e-02
-6.500000000000000222e-02
-6.500000000000000222e-02
-6.500000000000000222e-02
-6.500000000000000222e-02
-6.500000000000000222e-02
-6.500000000000000222e-02
-6.500000000000000222e-02
-6.500000000000000222e-02
-6.500000000000000222e-02
-6.500000000000000222e-02
-6.500000000000000222e-02
-6.500000000000000222e-02
-6.500000000000000222e-02
-6.500000000000000222e-02
-6.500000000000000222e-02
-6.500000000000000222e-02
-6.500000000000000222e-02
-6.500000000000000222e-02
-6.500000000000000222e-02
-6.500000000000000222e-02
-6.487750000000000461e-02
-6.475561250000000380e-02
-6.463433443750001006e-02
-6.451366276531250721e-02
-6.439359445148594430e-02
-6.427412647922851885e-02
-6.415525584683237637e-02
-6.403697956759821230e-02
-6.391929466976022101e-02
-6.380219819641141932e-02
-6.368568720542935879e-02
-6.356975876940221259e-02
-6.345440997555519547e-02
-6.333963792567741391e-02
-6.322543973604902168e-02
-6.311181253736877772e-02
-6.299875347468193720e-02
-6.288625970730853110e-02
-6.277432840877199272e-02
-6.266295676672813120e-02
-6.255214198289449357e-02
-6.244188127298001822e-02
-6.233217186661511866e-02
-6.222301100728204470e-02
-6.211439595224563237e-02
-6.200632397248440758e-02
-6.189879235262198826e-02
-6.179179839085887499e-02
-6.168533939890458173e-02
-6.157941270191005789e-02
-6.147401563840050598e-02
-6.136914556020850453e-02
-6.126479983240746413e-02
-6.116097583324542342e-02
-6.105767095407919898e-02
-6.095488259930880587e-02
-6.085260818631225976e-02
-6.075084514538069830e-02
-6.064959091965379384e-02
-6.054884296505552710e-02
-6.044859875023025214e-02
-6.034885575647910144e-02
-6.024961147769670317e-02
-6.015086342030821764e-02
-6.005260910320667916e-02
-5.995484605769064307e-02
-5.985757182740218674e-02
-5.976078396826517425e-02
-5.966448004842384717e-02
-5.956865764818172759e-02
-5.947331435994081955e-02
-5.937844778814111574e-02
-5.928405554920040954e-02
-5.919013527145440545e-02
-5.909668459509713478e-02
-5.900370117212164894e-02
-5.891118266626103883e-02
-5.881912675292973181e-02
-5.872753111916508006e-02
-5.863639346356925436e-02
-5.854571149625140830e-02
-5.845548293877014800e-02
-5.836570552407630008e-02
-5.827637699645591557e-02
-5.818749511147363468e-02
-5.809905763591626665e-02
-5.801106234773668879e-02
-5.792350703599800227e-02
-5.783638950081801400e-02
-5.774970755331392674e-02
-5.766345901554735531e-02
-5.757764172046962031e-02
-5.749225351186727090e-02
-5.740729224430793365e-02
-5.732275578308639735e-02
-5.723864200417096842e-02
-5.715494879415011081e-02
-5.707167405017936346e-02
-5.698881567992846592e-02
-5.690637160152882401e-02
-5.682433974352117667e-02
-5.674271804480356812e-02
-5.666150445457954904e-02
-5.658069693230664832e-02
-5.650029344764511546e-02
-5.642029198040689197e-02
-5.634069052050486026e-02
-5.626148706790233545e-02
-5.618267963256282083e-02
-5.610426623440000621e-02
-5.602624490322800910e-02
-5.594861367871186569e-02
-5.587137061031830637e-02
-5.579451375726671158e-02
-5.571804118848038001e-02
-5.564195098253797711e-02
-5.556624122762528900e-02
-5.549091002148716367e-02
-5.541595547137972977e-02
-5.534137569402283047e-02
-5.526716881555271410e-02
-5.519333297147495376e-02
-5.511986630661758202e-02
-5.504676697508449623e-02
-5.497403314020907206e-02
-5.490166297450802674e-02
-5.482965465963548363e-02
-5.475800638633730733e-02
-5.468671635440561923e-02
-5.461578277263359066e-02
-5.454520385877042327e-02
-5.447497783947657241e-02
-5.440510295027919246e-02
-5.433557743552779734e-02
-5.426639954835015683e-02
-5.419756755060840814e-02
-5.412907971285536857e-02
-5.406093431429109114e-02
-5.399312964271963527e-02
-5.392566399450603870e-02
-5.385853567453351143e-02
-5.379174299616084481e-02
-5.372528428118004268e-02
-5.365915785977413976e-02
-5.359336207047527001e-02
-5.352789526012289439e-02
-5.346275578382227861e-02
-5.339794200490316500e-02
-5.333345229487864575e-02
-5.326928503340425114e-02
-5.320543860823723215e-02
-5.314191141519604422e-02
-5.307870185812006703e-02
-5.301580834882946985e-02
-5.295322930708531994e-02
-5.289096316054989200e-02
-5.282900834474714424e-02
-5.276736330302340960e-02
-5.270602648650829503e-02
-5.264499635407575429e-02
-5.258427137230537590e-02
-5.252385001544385146e-02
-5.246373076536663127e-02
-5.240391211153979517e-02
-5.234439255098209676e-02
-5.228517058822718805e-02
-5.222624473528605232e-02
-5.216761351160962429e-02
-5.210927544405157680e-02
-5.205122906683131573e-02
-5.199347292149716221e-02
-5.193600555688967363e-02
-5.187882552910522832e-02
-5.182193140145970045e-02
-5.176532174445239859e-02
-5.170899513573013612e-02
-5.165295016005148204e-02
-5.159718540925122693e-02
-5.154169948220497371e-02
-5.148649098479395059e-02
-5.143155852986998344e-02
-5.137690073722063488e-02
-5.132251623353453057e-02
-5.126840365236685904e-02
-5.121456163410502416e-02
-5.116098882593449887e-02
-5.110768388180482458e-02
-5.105464546239579793e-02
-5.100187223508381718e-02
-5.094936287390839508e-02
-5.089711605953885221e-02
-5.084513047924115597e-02
-5.079340482684494701e-02
-5.074193780271072512e-02
-5.069072811369717407e-02
-5.063977447312868752e-02
-5.058907560076304072e-02
-5.053863022275922878e-02
-5.048843707164542977e-02
-5.043849488628720373e-02
-5.038880241185576814e-02
-5.033935839979648830e-02
-5.029016160779750666e-02
-5.024121079975851778e-02
-5.019250474575972371e-02
-5.014404222203092815e-02
-5.009582201092077636e-02
-5.004784290086617543e-02
-5.000010368636184643e-02
-4.995260316793003613e-02
-6.500000000000000222e-02
-6.500000000000000222e-02
-6.500000000000000222e-02
-6.500000000000000222e-02
-6.500000000000000222e-02
-6.500000000000000222e-02
-6.500000000000000222e-02
-6.500000000000000222e-02
-6.500000000000000222e-02
-6.500000000000000222e-02
-6.500000000000000222e-02
-6.500000000000000222e-02
-6.500000000000000222e-02
-6.500000000000000222e-02
-6.500000000000000222e-02
-6.500000000000000222e-02
-6.500000000000000222e-02
-6.500000000000000222e-02
-6.500000000000000222e-02
-6.500000000000000222e-02
-6.487750000000000461e-02
-6.475561250000000380e-02
-6.463433443750001006e-02
-6.451366276531250721e-02
-6.439359445148594430e-02
-6.427412647922851885e-02
-6.415525584683237637e-02
-6.403697956759821230e-02
-6.391929466976022101e-02
-6.380219819641141932e-02
-6.368568720542935879e-02
-6.356975876940221259e-02
-6.345440997555519547e-02
-6.333963792567741391e-02
-6.322543973604902168e-02
-6.311181253736877772e-02
-6.299875347468193720e-02
-6.288625970730853110e-02
-6.277432840877199272e-02
-6.266295676672813120e-02
-6.255214198289449357e-02
-6.244188127298001822e-02
-6.233217186661511866e-02
-6.222301100728204470e-02
-6.211439595224563237e-02
-6.200632397248440758e-02
-6.189879235262198826e-02
-6.179179839085887499e-02
-6.168533939890458173e-02
-6.157941270191005789e-02
-6.147401563840050598e-02
-6.136914556020850453e-02
-6.126479983240746413e-02
-6.116097583324542342e-02
-6.105767095407919898e-02
-6.095488259930880587e-02
-6.085260818631225976e-02
-6.075084514538069830e-02
-6.064959091965379384e-02
-6.054884296505552710e-02
-6.044859875023025214e-02
-6.034885575647910144e-02
-6.024961147769670317e-02
-6.015086342030821764e-02
-6.005260910320667916e-02
-5.995484605769064307e-02
-5.985757182740218674e-02
-5.976078396826517425e-02
-5.966448004842384717e-02
-5.956865764818172759e-02
-5.947331435994081955e-02
-5.937844778814111574e-02
-5.928405554920040954e-02
-5.919013527145440545e-02
-5.909668459509713478e-02
-5.900370117212164894e-02
-5.891118266626103883e-02
-5.881912675292973181e-02
-5.872753111916508006e-02
-5.863639346356925436e-02
-5.854571149625140830e-02
-5.845548293877014800e-02
-5.836570552407630008e-02
-5.827637699645591557e-02
-5.818749511147363468e-02
-5.809905763591626665e-02
-5.801106234773668879e-02
-5.792350703599800227e-02
-5.783638950081801400e-02
-5.774970755331392674e-02
-5.766345901554735531e-02
-5.757764172046962031e-02
-5.749225351186727090e-02
-5.740729224430793365e-02
-5.732275578308639735e-02
-5.723864200417096842e-02
-5.715494879415011081e-02
-5.707167405017936346e-02
-5.698881567992846592e-02
-5.690637160152882401e-02
-5.682433974352117667e-02
-5.674271804480356812e-02
-5.666150445457954904e-02
-5.658069693230664832e-02
-5.650029344764511546e-02
-5.642029198040689197e-02
-5.634069052050486026e-02
-5.626148706790233545e-02
-5.618267963256282083e-02
-5.610426623440000621e-02
-5.602624490322800910e-02
-5.594861367871186569e-02
-5.587137061031830637e-02
-5.579451375726671158e-02
-5.571804118848038001e-02
-5.564195098253797711e-02
-5.556624122762528900e-02
-5.549091002148716367e-02
-5.541595547137972977e-02
-5.534137569402283047e-02
-5.526716881555271410e-02
-5.519333297147495376e-02
-5.511986630661758202e-02
-5.504676697508449623e-02
-5.497403314020907206e-02
-5.490166297450802674e-02
-5.482965465963548363e-02
-5.475800638633730733e-02
-5.468671635440561923e-02
-5.461578277263359066e-02
-5.454520385877042327e-02
-5.447497783947657241e-02
-5.440510295027919246e-02
-5.433557743552779734e-02
-5.426639954835015683e-02
-5.419756755060840814e-02
-5.412907971285536857e-02
-5.406093431429109114e-02
-5.399312964271963527e-02
-5.392566399450603870e-02
-5.385853567453351143e-02
-5.379174299616084481e-02
-5.372528428118004268e-02
-5.365915785977413976e-02
-5.359336207047527001e-02
-5.352789526012289439e-02
-5.346275578382227861e-02
-5.339794200490316500e-02
-5.333345229487864575e-02
-5.326928503340425114e-02
-5.320543860823723215e-02
-5.314191141519604422e-02
-5.307870185812006703e-02
-5.301580834882946985e-02
-5.295322930708531994e-02
-5.289096316054989200e-02
-5.282900834474714424e-02
-5.276736330302340960e-02
-5.270602648650829503e-02
-5.264499635407575429e-02
-5.258427137230537590e-02
-5.252385001544385146e-02
-5.246373076536663127e-02
-5.240391211153979517e-02
-5.234439255098209676e-02
-5.228517058822718805e-02
-5.222624473528605232e-02
-5.216761351160962429e-02
-5.210927544405157680e-02
-5.205122906683131573e-02
-5.199347292149716221e-02
-5.193600555688967363e-02
-5.187882552910522832e-02
-5.182193140145970045e-02
-5.176532174445239859e-02
-5.170899513573013612e-02
-5.165295016005148204e-02
-5.159718540925122693e-02
-5.154169948220497371e-02
-5.148649098479395059e-02
-5.143155852986998344e-02
-5.137690073722063488e-02
-5.132251623353453057e-02
-5.126840365236685904e-02
-5.121456163410502416e-02
-5.116098882593449887e-02
-5.110768388180482458e-02
-5.105464546239579793e-02
-5.100187223508381718e-02
-5.094936287390839508e-02
-5.089711605953885221e-02
-5.084513047924115597e-02
-5.079340482684494701e-02
-5.074193780271072512e-02
-5.069072811369717407e-02
-5.063977447312868752e-02
-5.058907560076304072e-02
-5.053863022275922878e-02
-5.048843707164542977e-02
-5.043849488628720373e-02
-5.038880241185576814e-02
-5.033935839979648830e-02
-5.029016160779750666e-02
-5.024121079975851778e-02
-5.019250474575972371e-02
-5.014404222203092815e-02
-5.009582201092077636e-02
-5.004784290086617543e-02
-5.000010368636184643e-02
-4.995260316793003613e-02
-6.500000000000000222e-02
-6.500000000000000222e-02
-6.500000000000000222e-02
-6.500000000000000222e-02
-6.500000000000000222e-02
-6.500000000000000222e-02
-6.500000000000000222e-02
-6.500000000000000222e-02
-6.500000000000000222e-02
-6.500000000000000222e-02
-6.500000000000000222e-02
-6.500000000000000222e-02
-6.500000000000000222e-02
-6.500000000000000222e-02
-6.500000000000000222e-02
-6.500000000000000222e-02
-6.500000000000000222e-02
-6.500000000000000222e-02
-6.500000000000000222e-02
-6.500000000000000222e-02
-6.487750000000000461e-02
-6.475561250000000380e-02
-6.463433443750001006e-02
-6.451366276531250721e-02
-6.439359445148594430e-02
-6.427412647922851885e-02
-6.415525584683237637e-02
-6.403697956759821230e-02
-6.391929466976022101e-02
-6.380219819641141932e-02
-6.368568720542935879e-02
-6.356975876940221259e-02
-6.345440997555519547e-02
-6.333963792567741391e-02
-6.322543973604902168e-02
-6.311181253736877772e-02
-6.299875347468193720e-02
-6.288625970730853110e-02
-6.277432840877199272e-02
-6.266295676672813120e-02
-6.255214198289449357e-02
-6.244188127298001822e-02
-6.233217186661511866e-02
-6.222301100728204470e-02
-6.211439595224563237e-02
-6.200632397248440758e-02
-6.189879235262198826e-02
-6.179179839085887499e-02
-6.168533939890458173e-02
-6.157941270191005789e-02
-6.147401563840050598e-02
-6.136914556020850453e-02
-6.126479983240746413e-02
-6.116097583324542342e-02
-6.105767095407919898e-02
-6.095488259930880587e-02
-6.085260818631225976e-02
-6.075084514538069830e-02
-6.064959091965379384e-02
-6.054884296505552710e-02
-6.044859875023025214e-02
-6.034885575647910144e-02
-6.024961147769670317e-02
-6.015086342030821764e-02
-6.005260910320667916e-02
-5.995484605769064307e-02
-5.985757182740218674e-02
-5.976078396826517425e-02
-5.966448004842384717e-02
-5.956865764818172759e-02
-5.947331435994081955e-02
-5.937844778814111574e-02
-5.928405554920040954e-02
-5.919013527145440545e-02
-5.909668459509713478e-02
-5.900370117212164894e-02
-5.891118266626103883e-02
-5.881912675292973181e-02
-5.872753111916508006e-02
-5.863639346356925436e-02
-5.854571149625140830e-02
-5.845548293877014800e-02
-5.836570552407630008e-02
-5.827637699645591557e-02
-5.818749511147363468e-02
-5.809905763591626665e-02
-5.801106234773668879e-02
-5.792350703599800227e-02
-5.783638950081801400e-02
-5.774970755331392674e-02
-5.766345901554735531e-02
-5.757764172046962031e-02
-5.749225351186727090e-02
-5.740729224430793365e-02
-5.732275578308639735e-02
-5.723864200417096842e-02
-5.715494879415011081e-02
-5.707167405017936346e-02
-5.698881567992846592e-02
-5.690637160152882401e-02
-5.682433974352117667e-02
-5.674271804480356812e-02
-5.666150445457954904e-02
-5.658069693230664832e-02
-5.650029344764511546e-02
-5.642029198040689197e-02
-5.634069052050486026e-02
-5.626148706790233545e-02
-5.618267963256282083e-02
-5.610426623440000621e-02
-5.602624490322800910e-02
-5.594861367871186569e-02
-5.587137061031830637e-02
-5.579451375726671158e-02
-5.571804118848038001e-02
-5.564195098253797711e-02
-5.556624122762528900e-02
-5.549091002148716367e-02
-5.541595547137972977e-02
-5.534137569402283047e-02
-5.526716881555271410e-02
-5.519333297147495376e-02
-5.511986630661758202e-02
-5.504676697508449623e-02
-5.497403314020907206e-02
-5.490166297450802674e-02
-5.482965465963548363e-02
-5.475800638633730733e-02
-5.468671635440561923e-02
-5.461578277263359066e-02
-5.454520385877042327e-02
-5.447497783947657241e-02
-5.440510295027919246e-02
-5.433557743552779734e-02
-5.426639954835015683e-02
-5.419756755060840814e-02
-5.412907971285536857e-02
-5.406093431429109114e-02
-5.399312964271963527e-02
-5.392566399450603870e-02
-5.385853567453351143e-02
-5.379174299616084481e-02
-5.372528428118004268e-02
-5.365915785977413976e-02
-5.359336207047527001e-02
-5.352789526012289439e-02
-5.346275578382227861e-02
-5.339794200490316500e-02
-5.333345229487864575e-02
-5.326928503340425114e-02
-5.320543860823723215e-02
-5.314191141519604422e-02
-5.307870185812006703e-02
-5.301580834882946985e-02
-5.295322930708531994e-02
-5.289096316054989200e-02
-5.282900834474714424e-02
-5.276736330302340960e-02
-5.270602648650829503e-02
-5.264499635407575429e-02
-5.258427137230537590e-02
-5.252385001544385146e-02
-5.246373076536663127e-02
-5.240391211153979517e-02
-5.234439255098209676e-02
-5.228517058822718805e-02
-5.222624473528605232e-02
-5.216761351160962429e-02
-5.210927544405157680e-02
-5.205122906683131573e-02
-5.199347292149716221e-02
-5.193600555688967363e-02
-5.187882552910522832e-02
-5.182193140145970045e-02
-5.176532174445239859e-02
-5.170899513573013612e-02
-5.165295016005148204e-02
-5.159718540925122693e-02
-5.154169948220497371e-02
-5.148649098479395059e-02
-5.143155852986998344e-02
-5.137690073722063488e-02
-5.132251623353453057e-02
-5.126840365236685904e-02
-5.121456163410502416e-02
-5.116098882593449887e-02
-5.110768388180482458e-02
-5.105464546239579793e-02
-5.100187223508381718e-02
-5.094936287390839508e-02
-5.089711605953885221e-02
-5.084513047924115597e-02
-5.079340482684494701e-02
-5.074193780271072512e-02
-5.069072811369717407e-02
-5.063977447312868752e-02
-5.058907560076304072e-02
-5.053863022275922878e-02
-5.048843707164542977e-02
-5.043849488628720373e-02
-5.038880241185576814e-02
-5.033935839979648830e-02
-5.029016160779750666e-02
-5.024121079975851778e-02
-5.019250474575972371e-02
-5.014404222203092815e-02
-5.009582201092077636e-02
-5.004784290086617543e-02
-5.000010368636184643e-02
-4.995260316793003613e-02
-6.500000000000000222e-02
-6.500000000000000222e-02
-6.500000000000000222e-02
-6.500000000000000222e-02
-6.500000000000000222e-02
-6.500000000000000222e-02
-6.500000000000000222e-02
-6.500000000000000222e-02
-6.500000000000000222e-02
-6.500000000000000222e-02
-6.500000000000000222e-02
-6.500000000000000222e-02
-6.500000000000000222e-02
-6.500000000000000222e-02
-6.500000000000000222e-02
-6.500000000000000222e-02
-6.500000000000000222e-02
-6.500000000000000222e-02
-6.500000000000000222e-02
-6.500000000000000222e-02
-6.487750000000000461e-02
-6.475561250000000380e-02
-6.463433443750001006e-02
-6.451366276531250721e-02
-6.439359445148594430e-02
-6.427412647922851885e-02
-6.415525584683237637e-02
-6.403697956759821230e-02
-6.391929466976022101e-02
-6.380219819641141932e-02
-6.368568720542935879e-02
-6.356975876940221259e-02
-6.345440997555519547e-02
-6.333963792567741391e-02
-6.322543973604902168e-02
-6.311181253736877772e-02
-6.299875347468193720e-02
-6.288625970730853110e-02
-6.277432840877199272e-02
-6.266295676672813120e-02
-6.255214198289449357e-02
-6.244188127298001822e-02
-6.233217186661511866e-02
-6.222301100728204470e-02
-6.211439595224563237e-02
-6.200632397248440758e-02
-6.189879235262198826e-02
-6.179179839085887499e-02
-6.168533939890458173e-02
-6.157941270191005789e-02
-6.147401563840050598e-02
-6.136914556020850453e-02
-6.126479983240746413e-02
-6.116097583324542342e-02
-6.105767095407919898e-02
-6.095488259930880587e-02
-6.085260818631225976e-02
-6.075084514538069830e-02
-6.064959091965379384e-02
-6.054884296505552710e-02
-6.044859875023025214e-02
-6.034885575647910144e-02
-6.024961147769670317e-02
-6.015086342030821764e-02
-6.005260910320667916e-02
-5.995484605769064307e-02
-5.985757182740218674e-02
-5.976078396826517425e-02
-5.966448004842384717e-02
-5.956865764818172759e-02
-5.947331435994081955e-02
-5.937844778814111574e-02
-5.928405554920040954e-02
-5.919013527145440545e-02
-5.909668459509713478e-02
-5.900370117212164894e-02
-5.891118266626103883e-02
-5.881912675292973181e-02
-5.872753111916508006e-02
-5.863639346356925436e-02
-5.854571149625140830e-02
-5.845548293877014800e-02
-5.836570552407630008e-02
-5.827637699645591557e-02
-5.818749511147363468e-02
-5.809905763591626665e-02
-5.801106234773668879e-02
-5.792350703599800227e-02
-5.783638950081801400e-02
-5.774970755331392674e-02
-5.766345901554735531e-02
-5.757764172046962031e-02
-5.749225351186727090e-02
-5.740729224430793365e-02
-5.732275578308639735e-02
-5.723864200417096842e-02
-5.715494879415011081e-02
-5.707167405017936346e-02
-5.698881567992846592e-02
-5.690637160152882401e-02
-5.682433974352117667e-02
-5.674271804480356812e-02
-5.666150445457954904e-02
-5.658069693230664832e-02
-5.650029344764511546e-02
-5.642029198040689197e-02
-5.634069052050486026e-02
-5.626148706790233545e-02
-5.618267963256282083e-02
-5.610426623440000621e-02
-5.602624490322800910e-02
-5.594861367871186569e-02
-5.587137061031830637e-02
-5.579451375726671158e-02
-5.571804118848038001e-02
-5.564195098253797711e-02
-5.556624122762528900e-02
-5.549091002148716367e-02
-5.541595547137972977e-02
-5.534137569402283047e-02
-5.526716881555271410e-02
-5.519333297147495376e-02
-5.511986630661758202e-02
-5.504676697508449623e-02
-5.497403314020907206e-02
-5.490166297450802674e-02
-5.482965465963548363e-02
-5.475800638633730733e-02
-5.468671635440561923e-02
-5.461578277263359066e-02
-5.454520385877042327e-02
-5.447497783947657241e-02
-5.440510295027919246e-02
-5.433557743552779734e-02
-5.426639954835015683e-02
-5.419756755060840814e-02
-5.412907971285536857e-02
-5.406093431429109114e-02
-5.399312964271963527e-02
-5.392566399450603870e-02
-5.385853567453351143e-02
-5.379174299616084481e-02
-5.372528428118004268e-02
-5.365915785977413976e-02
-5.359336207047527001e-02
-5.352789526012289439e-02
-5.346275578382227861e-02
-5.339794200490316500e-02
-5.333345229487864575e-02
-5.326928503340425114e-02
-5.320543860823723215e-02
-5.314191141519604422e-02
-5.307870185812006703e-02
-5.301580834882946985e-02
-5.295322930708531994e-02
-5.289096316054989200e-02
-5.282900834474714424e-02
-5.276736330302340960e-02
-5.270602648650829503e-02
-5.264499635407575429e-02
-5.258427137230537590e-02
-5.252385001544385146e-02
-5.246373076536663127e-02
-5.240391211153979517e-02
-5.234439255098209676e-02
-5.228517058822718805e-02
-5.222624473528605232e-02
-5.216761351160962429e-02
-5.210927544405157680e-02
-5.205122906683131573e-02
-5.199347292149716221e-02
-5.193600555688967363e-02
-5.187882552910522832e-02
-5.182193140145970045e-02
-5.176532174445239859e-02
-5.170899513573013612e-02
-5.165295016005148204e-02
-5.159718540925122693e-02
-5.154169948220497371e-02
-5.148649098479395059e-02
-5.143155852986998344e-02
-5.137690073722063488e-02
-5.132251623353453057e-02
-5.126840365236685904e-02
-5.121456163410502416e-02
-5.116098882593449887e-02
-5.110768388180482458e-02
-5.105464546239579793e-02
-5.100187223508381718e-02
-5.094936287390839508e-02
-5.089711605953885221e-02
-5.084513047924115597e-02
-5.079340482684494701e-02
-5.074193780271072512e-02
-5.069072811369717407e-02
-5.063977447312868752e-02
-5.058907560076304072e-02
-5.053863022275922878e-02
-5.048843707164542977e-02
-5.043849488628720373e-02
-5.038880241185576814e-02
-5.033935839979648830e-02
-5.029016160779750666e-02
-5.024121079975851778e-02
-5.019250474575972371e-02
-5.014404222203092815e-02
-5.009582201092077636e-02
-5.004784290086617543e-02
-5.000010368636184643e-02
-4.995260316793003613e-02
-6.500000000000000222e-02
-6.500000000000000222e-02
-6.500000000000000222e-02
-6.500000000000000222e-02
-6.500000000000000222e-02
-6.500000000000000222e-02
-6.500000000000000222e-02
-6.500000000000000222e-02
-6.500000000000000222e-02
-6.500000000000000222e-02
-6.500000000000000222e-02
-6.500000000000000222e-02
-6.500000000000000222e-02
-6.500000000000000222e-02
-6.500000000000000222e-02
-6.500000000000000222e-02
-6.500000000000000222e-02
-6.500000000000000222e-02
-6.500000000000000222e-02
-6.500000000000000222e-02
-6.487750000000000461e-02
-6.475561250000000380e-02
-6.463433443750001006e-02
-6.451366276531250721e-02
-6.439359445148594430e-02
-6.427412647922851885e-02
-6.415525584683237637e-02
-6.403697956759821230e-02
-6.391929466976022101e-02
-6.380219819641141932e-02
-6.368568720542935879e-02
-6.356975876940221259e-02
-6.345440997555519547e-02
-6.333963792567741391e-02
-6.322543973604902168e-02
-6.311181253736877772e-02
-6.299875347468193720e-02
-6.288625970730853110e-02
-6.277432840877199272e-02
-6.266295676672813120e-02
-6.255214198289449357e-02
-6.244188127298001822e-02
-6.233217186661511866e-02
-6.222301100728204470e-02
-6.211439595224563237e-02
-6.200632397248440758e-02
-6.189879235262198826e-02
-6.179179839085887499e-02
-6.168533939890458173e-02
-6.157941270191005789e-02
-6.147401563840050598e-02
-6.136914556020850453e-02
-6.126479983240746413e-02
-6.116097583324542342e-02
-6.105767095407919898e-02
-6.095488259930880587e-02
-6.085260818631225976e-02
-6.075084514538069830e-02
-6.064959091965379384e-02
-6.054884296505552710e-02
-6.044859875023025214e-02
-6.034885575647910144e-02
-6.024961147769670317e-02
-6.015086342030821764e-02
-6.005260910320667916e-02
-5.995484605769064307e-02
-5.985757182740218674e-02
-5.976078396826517425e-02
-5.966448004842384717e-02
-5.956865764818172759e-02
-5.947331435994081955e-02
-5.937844778814111574e-02
-5.928405554920040954e-02
-5.919013527145440545e-02
-5.909668459509713478e-02
-5.900370117212164894e-02
-5.891118266626103883e-02
-5.881912675292973181e-02
-5.872753111916508006e-02
-5.863639346356925436e-02
-5.854571149625140830e-02
-5.845548293877014800e-02
-5.836570552407630008e-02
-5.827637699645591557e-02
-5.818749511147363468e-02
-5.809905763591626665e-02
-5.801106234773668879e-02
-5.792350703599800227e-02
-5.783638950081801400e-02
-5.774970755331392674e-02
-5.766345901554735531e-02
-5.757764172046962031e-02
-5.749225351186727090e-02
-5.740729224430793365e-02
-5.732275578308639735e-02
-5.723864200417096842e-02
-5.715494879415011081e-02
-5.707167405017936346e-02
-5.698881567992846592e-02
-5.690637160152882401e-02
-5.682433974352117667e-02
-5.674271804480356812e-02
-5.666150445457954904e-02
-5.658069693230664832e-02
-5.650029344764511546e-02
-5.642029198040689197e-02
-5.634069052050486026e-02
-5.626148706790233545e-02
-5.618267963256282083e-02
-5.610426623440000621e-02
-5.602624490322800910e-02
-5.594861367871186569e-02
-5.587137061031830637e-02
-5.579451375726671158e-02
-5.571804118848038001e-02
-5.564195098253797711e-02
-5.556624122762528900e-02
-5.549091002148716367e-02
-5.541595547137972977e-02
-5.534137569402283047e-02
-5.526716881555271410e-02
-5.519333297147495376e-02
-5.511986630661758202e-02
-5.504676697508449623e-02
-5.497403314020907206e-02
-5.490166297450802674e-02
-5.482965465963548363e-02
-5.475800638633730733e-02
-5.468671635440561923e-02
-5.461578277263359066e-02
-5.454520385877042327e-02
-5.447497783947657241e-02
-5.440510295027919246e-02
-5.433557743552779734e-02
-5.426639954835015683e-02
-5.419756755060840814e-02
-5.412907971285536857e-02
-5.406093431429109114e-02
-5.399312964271963527e-02
-5.392566399450603870e-02
-5.385853567453351143e-02
-5.379174299616084481e-02
-5.372528428118004268e-02
-5.365915785977413976e-02
-5.359336207047527001e-02
-5.352789526012289439e-02
-5.346275578382227861e-02
-5.339794200490316500e-02
-5.333345229487864575e-02
-5.326928503340425114e-02
-5.320543860823723215e-02
-5.314191141519604422e-02
-5.307870185812006703e-02
-5.301580834882946985e-02
-5.295322930708531994e-02
-5.289096316054989200e-02
-5.282900834474714424e-02
-5.276736330302340960e-02
-5.270602648650829503e-02
-5.264499635407575429e-02
-5.258427137230537590e-02
-5.252385001544385146e-02
-5.246373076536663127e-02
-5.240391211153979517e-02
-5.234439255098209676e-02
-5.228517058822718805e-02
-5.222624473528605232e-02
-5.216761351160962429e-02
-5.210927544405157680e-02
-5.205122906683131573e-02
-5.199347292149716221e-02
-5.193600555688967363e-02
-5.187882552910522832e-02
-5.182193140145970045e-02
-5.176532174445239859e-02
-5.170899513573013612e-02
-5.165295016005148204e-02
-5.159718540925122693e-02
-5.154169948220497371e-02
-5.148649098479395059e-02
-5.143155852986998344e-02
-5.137690073722063488e-02
-5.132251623353453057e-02
-5.126840365236685904e-02
-5.121456163410502416e-02
-5.116098882593449887e-02
-5.110768388180482458e-02
-5.105464546239579793e-02
-5.100187223508381718e-02
-5.094936287390839508e-02
-5.089711605953885221e-02
-5.084513047924115597e-02
-5.079340482684494701e-02
-5.074193780271072512e-02
-5.069072811369717407e-02
-5.063977447312868752e-02
-5.058907560076304072e-02
-5.053863022275922878e-02
-5.048843707164542977e-02
-5.043849488628720373e-02
-5.038880241185576814e-02
-5.033935839979648830e-02
-5.029016160779750666e-02
-5.024121079975851778e-02
-5.019250474575972371e-02
-5.014404222203092815e-02
-5.009582201092077636e-02
-5.004784290086617543e-02
-5.000010368636184643e-02
-4.995260316793003613e-02
-6.500000000000000222e-02
-6.500000000000000222e-02
-6.500000000000000222e-02
-6.500000000000000222e-02
-6.500000000000000222e-02
-6.500000000000000222e-02
-6.500000000000000222e-02
-6.500000000000000222e-02
-6.500000000000000222e-02
-6.500000000000000222e-02
-6.500000000000000222e-02
-6.500000000000000222e-02
-6.500000000000000222e-02
-6.500000000000000222e-02
-6.500000000000000222e-02
-6.500000000000000222e-02
-6.500000000000000222e-02
-6.500000000000000222e-02
-6.500000000000000222e-02
-6.500000000000000222e-02
-6.487750000000000461e-02
-6.475561250000000380e-02
-6.463433443750001006e-02
-6.451366276531250721e-02
-6.439359445148594430e-02
-6.427412647922851885e-02
-6.415525584683237637e-02
-6.403697956759821230e-02
-6.391929466976022101e-02
-6.380219819641141932e-02
-6.368568720542935879e-02
-6.356975876940221259e-02
-6.345440997555519547e-02
-6.333963792567741391e-02
-6.322543973604902168e-02
-6.311181253736877772e-02
-6.299875347468193720e-02
-6.288625970730853110e-02
-6.277432840877199272e-02
-6.266295676672813120e-02
-6.255214198289449357e-02
-6.244188127298001822e-02
-6.233217186661511866e-02
-6.222301100728204470e-02
-6.211439595224563237e-02
-6.200632397248440758e-02
-6.189879235262198826e-02
-6.179179839085887499e-02
-6.168533939890458173e-02
-6.157941270191005789e-02
-6.147401563840050598e-02
