-6.486999999999999711e-02
-6.474064999999999681e-02
-6.461194674999999610e-02
-6.448388701624999109e-02
-6.435646758116873867e-02
-6.422968524326289064e-02
-6.410353681704657192e-02
-6.397801913296133347e-02
-6.385312903729652156e-02
-6.372886339211003559e-02
-6.360521907514948836e-02
-6.348219297977374109e-02
-6.335978201487486861e-02
-6.323798310480049922e-02
-6.311679318927650162e-02
-6.299620922333011575e-02
-6.287622817721345847e-02
-6.275684703632739003e-02
-6.263806280114575520e-02
-6.251987248714002687e-02
-6.240227312470432441e-02
-6.228526175908079970e-02
-6.216883545028539793e-02
-6.205299127303397222e-02
-6.193772631666880080e-02
-6.182303768508545794e-02
-6.170892249666003193e-02
-6.159537788417673160e-02
-6.148240099475584669e-02
-6.136998898978206912e-02
-6.125813904483316114e-02
-6.114684834960899817e-02
-6.103611410786095176e-02
-6.092593353732164707e-02
-6.081630386963503970e-02
-6.070722235028686714e-02
-6.059868623853543329e-02
-6.049069280734275383e-02
-6.038323934330604159e-02
-6.027632314658951107e-02
-6.016994153085656466e-02
-6.006409182320228413e-02
-5.995877136408627600e-02
-5.985397750726584309e-02
-5.974970761972951683e-02
-5.964595908163086713e-02
-5.954272928622271477e-02
-5.944001563979160047e-02
-5.933781556159264253e-02
-5.923612648378467904e-02
-5.913494585136575693e-02
-5.903427112210892641e-02
-5.893409976649838233e-02
-5.883442926766589004e-02
-5.873525712132755816e-02
-5.863658083572092367e-02
-5.853839793154232141e-02
-5.844070594188460754e-02
-5.834350241217518135e-02
-5.824678490011430537e-02
-5.815055097561373093e-02
-5.805479822073566359e-02
-5.795952422963198541e-02
-5.786472660848382410e-02
-5.777040297544140668e-02
-5.767655096056419767e-02
-5.758316820576137723e-02
-5.749025236473256917e-02
-5.739780110290890885e-02
-5.730581209739436105e-02
-5.721428303690739153e-02
-5.712321162172285388e-02
-5.703259556361423704e-02
-5.694243258579616274e-02
-5.685272042286718119e-02
-5.676345682075284449e-02
-5.667463953664907822e-02
-5.658626633896583075e-02
-5.649833500727100000e-02
-5.641084333223464475e-02
-5.632378911557347351e-02
-5.623717016999560392e-02
-5.615098431914562760e-02
-5.606522939754989693e-02
-5.597990325056214495e-02
-5.589500373430933422e-02
-5.581052871563779022e-02
-5.572647607205959835e-02
-5.564284369169929939e-02
-5.555962947324079998e-02
-5.547683132587459542e-02
-5.539444716924522144e-02
-5.531247493339899735e-02
-5.523091255873200517e-02
-5.514975799593834632e-02
-5.506900920595865501e-02
-5.498866415992886142e-02
-5.490872083912921864e-02
-5.482917723493357237e-02
-5.475003134875890132e-02
-5.467128119201510733e-02
-5.459292478605503457e-02
-5.451496016212475926e-02
-5.443738536131413619e-02
-5.436019843450756728e-02
-5.428339744233502684e-02
-5.420698045512335056e-02
-5.413094555284773263e-02
-5.405529082508349348e-02
-5.398001437095807653e-02
-5.390511429910328778e-02
-5.383058872760777130e-02
-5.375643578396973460e-02
-5.368265360504988898e-02
-5.360924033702463981e-02
-5.353619413533951960e-02
-5.346351316466282227e-02
-5.339119559883950816e-02
-5.331923962084531010e-02
-5.324764342274108248e-02
-5.317640520562737921e-02
-5.310552317959923996e-02
-5.303499556370124685e-02
-5.296482058588274089e-02
-5.289499648295332979e-02
-5.282552150053856227e-02
-5.275639389303586613e-02
-5.268761192357068746e-02
-5.261917386395283114e-02
-5.255107799463306500e-02
-5.248332260465989746e-02
-5.241590599163659797e-02
-5.234882646167841186e-02
-5.228208232937001793e-02
-5.221567191772316652e-02
-5.214959355813455349e-02
-5.208384559034388156e-02
-5.201842636239216444e-02
-5.195333423058020456e-02
-5.188856755942730659e-02
-5.182412472163017148e-02
-5.176000409802201940e-02
-5.169620407753190705e-02
-5.163272305714424609e-02
-5.156955944185852292e-02
-5.150671164464923346e-02
-5.144417808642598455e-02
-5.138195719599385203e-02
-5.132004741001388454e-02
-5.125844717296381553e-02
-5.119715493709899728e-02
-5.113616916241350147e-02
-5.107548831660143479e-02
-5.101511087501842817e-02
-5.095503532064333402e-02
-5.089526014404011783e-02
-5.083578384331991634e-02
-5.077660492410331766e-02
-5.071772189948280107e-02
-5.065913328998538495e-02
-5.060083762353545511e-02
-5.054283343541778051e-02
-5.048511926824068852e-02
-5.042769367189948310e-02
-5.037055520353998783e-02
-5.031370242752229022e-02
-5.025713391538468022e-02
-5.020084824580775540e-02
-5.014484400457871333e-02
-5.008911978455581754e-02
-5.003367418563303692e-02
-4.997850581470487247e-02
-6.500000000000000222e-02
-6.500000000000000222e-02
-6.500000000000000222e-02
-6.500000000000000222e-02
-6.500000000000000222e-02
-6.500000000000000222e-02
-6.500000000000000222e-02
-6.500000000000000222e-02
-6.500000000000000222e-02
-6.500000000000000222e-02
-6.500000000000000222e-02
-6.500000000000000222e-02
-6.500000000000000222e-02
-6.500000000000000222e-02
-6.500000000000000222e-02
-6.500000000000000222e-02
-6.500000000000000222e-02
-6.500000000000000222e-02
-6.500000000000000222e-02
-6.500000000000000222e-02
-6.486999999999999711e-02
-6.474064999999999681e-02
-6.461194674999999610e-02
-6.448388701624999109e-02
-6.435646758116873867e-02
-6.422968524326289064e-02
-6.410353681704657192e-02
-6.397801913296133347e-02
-6.385312903729652156e-02
-6.372886339211003559e-02
-6.360521907514948836e-02
-6.348219297977374109e-02
-6.335978201487486861e-02
-6.323798310480049922e-02
-6.311679318927650162e-02
-6.299620922333011575e-02
-6.287622817721345847e-02
-6.275684703632739003e-02
-6.263806280114575520e-02
-6.251987248714002687e-02
-6.240227312470432441e-02
-6.228526175908079970e-02
-6.216883545028539793e-02
-6.205299127303397222e-02
-6.193772631666880080e-02
-6.182303768508545794e-02
-6.170892249666003193e-02
-6.159537788417673160e-02
-6.148240099475584669e-02
-6.136998898978206912e-02
-6.125813904483316114e-02
-6.114684834960899817e-02
-6.103611410786095176e-02
-6.092593353732164707e-02
-6.081630386963503970e-02
-6.070722235028686714e-02
-6.059868623853543329e-02
-6.049069280734275383e-02
-6.038323934330604159e-02
-6.027632314658951107e-02
-6.016994153085656466e-02
-6.006409182320228413e-02
-5.995877136408627600e-02
-5.985397750726584309e-02
-5.974970761972951683e-02
-5.964595908163086713e-02
-5.954272928622271477e-02
-5.944001563979160047e-02
-5.933781556159264253e-02
-5.923612648378467904e-02
-5.913494585136575693e-02
-5.903427112210892641e-02
-5.893409976649838233e-02
-5.883442926766589004e-02
-5.873525712132755816e-02
-5.863658083572092367e-02
-5.853839793154232141e-02
-5.844070594188460754e-02
-5.834350241217518135e-02
-5.824678490011430537e-02
-5.815055097561373093e-02
-5.805479822073566359e-02
-5.795952422963198541e-02
-5.786472660848382410e-02
-5.777040297544140668e-02
-5.767655096056419767e-02
-5.758316820576137723e-02
-5.749025236473256917e-02
-5.739780110290890885e-02
-5.730581209739436105e-02
-5.721428303690739153e-02
-5.712321162172285388e-02
-5.703259556361423704e-02
-5.694243258579616274e-02
-5.685272042286718119e-02
-5.676345682075284449e-02
-5.667463953664907822e-02
-5.658626633896583075e-02
-5.649833500727100000e-02
-5.641084333223464475e-02
-5.632378911557347351e-02
-5.623717016999560392e-02
-5.615098431914562760e-02
-5.606522939754989693e-02
-5.597990325056214495e-02
-5.589500373430933422e-02
-5.581052871563779022e-02
-5.572647607205959835e-02
-5.564284369169929939e-02
-5.555962947324079998e-02
-5.547683132587459542e-02
-5.539444716924522144e-02
-5.531247493339899735e-02
-5.523091255873200517e-02
-5.514975799593834632e-02
-5.506900920595865501e-02
-5.498866415992886142e-02
-5.490872083912921864e-02
-5.482917723493357237e-02
-5.475003134875890132e-02
-5.467128119201510733e-02
-5.459292478605503457e-02
-5.451496016212475926e-02
-5.443738536131413619e-02
-5.436019843450756728e-02
-5.428339744233502684e-02
-5.420698045512335056e-02
-5.413094555284773263e-02
-5.405529082508349348e-02
-5.398001437095807653e-02
-5.390511429910328778e-02
-5.383058872760777130e-02
-5.375643578396973460e-02
-5.368265360504988898e-02
-5.360924033702463981e-02
-5.353619413533951960e-02
-5.346351316466282227e-02
-5.339119559883950816e-02
-5.331923962084531010e-02
-5.324764342274108248e-02
-5.317640520562737921e-02
-5.310552317959923996e-02
-5.303499556370124685e-02
-5.296482058588274089e-02
-5.289499648295332979e-02
-5.282552150053856227e-02
-5.275639389303586613e-02
-5.268761192357068746e-02
-5.261917386395283114e-02
-5.255107799463306500e-02
-5.248332260465989746e-02
-5.241590599163659797e-02
-5.234882646167841186e-02
-5.228208232937001793e-02
-5.221567191772316652e-02
-5.214959355813455349e-02
-5.208384559034388156e-02
-5.201842636239216444e-02
-5.195333423058020456e-02
-5.188856755942730659e-02
-5.182412472163017148e-02
-5.176000409802201940e-02
-5.169620407753190705e-02
-5.163272305714424609e-02
-5.156955944185852292e-02
-5.150671164464923346e-02
-5.144417808642598455e-02
-5.138195719599385203e-02
-5.132004741001388454e-02
-5.125844717296381553e-02
-5.119715493709899728e-02
-5.113616916241350147e-02
-5.107548831660143479e-02
-5.101511087501842817e-02
-5.095503532064333402e-02
-5.089526014404011783e-02
-5.083578384331991634e-02
-5.077660492410331766e-02
-5.071772189948280107e-02
-5.065913328998538495e-02
-5.060083762353545511e-02
-5.054283343541778051e-02
-5.048511926824068852e-02
-5.042769367189948310e-02
-5.037055520353998783e-02
-5.031370242752229022e-02
-5.025713391538468022e-02
-5.020084824580775540e-02
-5.014484400457871333e-02
-5.008911978455581754e-02
-5.003367418563303692e-02
-4.997850581470487247e-02
-6.500000000000000222e-02
-6.500000000000000222e-02
-6.500000000000000222e-02
-6.500000000000000222e-02
-6.500000000000000222e-02
-6.500000000000000222e-02
-6.500000000000000222e-02
-6.500000000000000222e-02
-6.500000000000000222e-02
-6.500000000000000222e-02
-6.500000000000000222e-02
-6.500000000000000222e-02
-6.500000000000000222e-02
-6.500000000000000222e-02
-6.500000000000000222e-02
-6.500000000000000222e-02
-6.500000000000000222e-02
-6.500000000000000222e-02
-6.500000000000000222e-02
-6.500000000000000222e-02
-6.486999999999999711e-02
-6.474064999999999681e-02
-6.461194674999999610e-02
-6.448388701624999109e-02
-6.435646758116873867e-02
-6.422968524326289064e-02
-6.410353681704657192e-02
-6.397801913296133347e-02
-6.385312903729652156e-02
-6.372886339211003559e-02
-6.360521907514948836e-02
-6.348219297977374109e-02
-6.335978201487486861e-02
-6.323798310480049922e-02
-6.311679318927650162e-02
-6.299620922333011575e-02
-6.287622817721345847e-02
-6.275684703632739003e-02
-6.263806280114575520e-02
-6.251987248714002687e-02
-6.240227312470432441e-02
-6.228526175908079970e-02
-6.216883545028539793e-02
-6.205299127303397222e-02
-6.193772631666880080e-02
-6.182303768508545794e-02
-6.170892249666003193e-02
-6.159537788417673160e-02
-6.148240099475584669e-02
-6.136998898978206912e-02
-6.125813904483316114e-02
-6.114684834960899817e-02
-6.103611410786095176e-02
-6.092593353732164707e-02
-6.081630386963503970e-02
-6.070722235028686714e-02
-6.059868623853543329e-02
-6.049069280734275383e-02
-6.038323934330604159e-02
-6.027632314658951107e-02
-6.016994153085656466e-02
-6.006409182320228413e-02
-5.995877136408627600e-02
-5.985397750726584309e-02
-5.974970761972951683e-02
-5.964595908163086713e-02
-5.954272928622271477e-02
-5.944001563979160047e-02
-5.933781556159264253e-02
-5.923612648378467904e-02
-5.913494585136575693e-02
-5.903427112210892641e-02
-5.893409976649838233e-02
-5.883442926766589004e-02
-5.873525712132755816e-02
-5.863658083572092367e-02
-5.853839793154232141e-02
-5.844070594188460754e-02
-5.834350241217518135e-02
-5.824678490011430537e-02
-5.815055097561373093e-02
-5.805479822073566359e-02
-5.795952422963198541e-02
-5.786472660848382410e-02
-5.777040297544140668e-02
-5.767655096056419767e-02
-5.758316820576137723e-02
-5.749025236473256917e-02
-5.739780110290890885e-02
-5.730581209739436105e-02
-5.721428303690739153e-02
-5.712321162172285388e-02
-5.703259556361423704e-02
-5.694243258579616274e-02
-5.685272042286718119e-02
-5.676345682075284449e-02
-5.667463953664907822e-02
-5.658626633896583075e-02
-5.649833500727100000e-02
-5.641084333223464475e-02
-5.632378911557347351e-02
-5.623717016999560392e-02
-5.615098431914562760e-02
-5.606522939754989693e-02
-5.597990325056214495e-02
-5.589500373430933422e-02
-5.581052871563779022e-02
-5.572647607205959835e-02
-5.564284369169929939e-02
-5.555962947324079998e-02
-5.547683132587459542e-02
-5.539444716924522144e-02
-5.531247493339899735e-02
-5.523091255873200517e-02
-5.514975799593834632e-02
-5.506900920595865501e-02
-5.498866415992886142e-02
-5.490872083912921864e-02
-5.482917723493357237e-02
-5.475003134875890132e-02
-5.467128119201510733e-02
-5.459292478605503457e-02
-5.451496016212475926e-02
-5.443738536131413619e-02
-5.436019843450756728e-02
-5.428339744233502684e-02
-5.420698045512335056e-02
-5.413094555284773263e-02
-5.405529082508349348e-02
-5.398001437095807653e-02
-5.390511429910328778e-02
-5.383058872760777130e-02
-5.375643578396973460e-02
-5.368265360504988898e-02
-5.360924033702463981e-02
-5.353619413533951960e-02
-5.346351316466282227e-02
-5.339119559883950816e-02
-5.331923962084531010e-02
-5.324764342274108248e-02
-5.317640520562737921e-02
-5.310552317959923996e-02
-5.303499556370124685e-02
-5.296482058588274089e-02
-5.289499648295332979e-02
-5.282552150053856227e-02
-5.275639389303586613e-02
-5.268761192357068746e-02
-5.261917386395283114e-02
-5.255107799463306500e-02
-5.248332260465989746e-02
-5.241590599163659797e-02
-5.234882646167841186e-02
-5.228208232937001793e-02
-5.221567191772316652e-02
-5.214959355813455349e-02
-5.208384559034388156e-02
-5.201842636239216444e-02
-5.195333423058020456e-02
-5.188856755942730659e-02
-5.182412472163017148e-02
-5.176000409802201940e-02
-5.169620407753190705e-02
-5.163272305714424609e-02
-5.156955944185852292e-02
-5.150671164464923346e-02
-5.144417808642598455e-02
-5.138195719599385203e-02
-5.132004741001388454e-02
-5.125844717296381553e-02
-5.119715493709899728e-02
-5.113616916241350147e-02
-5.107548831660143479e-02
-5.101511087501842817e-02
-5.095503532064333402e-02
-5.089526014404011783e-02
-5.083578384331991634e-02
-5.077660492410331766e-02
-5.071772189948280107e-02
-5.065913328998538495e-02
-5.060083762353545511e-02
-5.054283343541778051e-02
-5.048511926824068852e-02
-5.042769367189948310e-02
-5.037055520353998783e-02
-5.031370242752229022e-02
-5.025713391538468022e-02
-5.020084824580775540e-02
-5.014484400457871333e-02
-5.008911978455581754e-02
-5.003367418563303692e-02
-4.997850581470487247e-02
-6.500000000000000222e-02
-6.500000000000000222e-02
-6.500000000000000222e-02
-6.500000000000000222e-02
-6.500000000000000222e-02
-6.500000000000000222e-02
-6.500000000000000222e-02
-6.500000000000000222e-02
-6.500000000000000222e-02
-6.500000000000000222e-02
-6.500000000000000222e-02
-6.500000000000000222e-02
-6.500000000000000222e-02
-6.500000000000000222e-02
-6.500000000000000222e-02
-6.500000000000000222e-02
-6.500000000000000222e-02
-6.500000000000000222e-02
-6.500000000000000222e-02
-6.500000000000000222e-02
-6.486999999999999711e-02
-6.474064999999999681e-02
-6.461194674999999610e-02
-6.448388701624999109e-02
-6.435646758116873867e-02
-6.422968524326289064e-02
-6.410353681704657192e-02
-6.397801913296133347e-02
-6.385312903729652156e-02
-6.372886339211003559e-02
-6.360521907514948836e-02
-6.348219297977374109e-02
-6.335978201487486861e-02
-6.323798310480049922e-02
-6.311679318927650162e-02
-6.299620922333011575e-02
-6.287622817721345847e-02
-6.275684703632739003e-02
-6.263806280114575520e-02
-6.251987248714002687e-02
-6.240227312470432441e-02
-6.228526175908079970e-02
-6.216883545028539793e-02
-6.205299127303397222e-02
-6.193772631666880080e-02
-6.182303768508545794e-02
-6.170892249666003193e-02
-6.159537788417673160e-02
-6.148240099475584669e-02
-6.136998898978206912e-02
-6.125813904483316114e-02
-6.114684834960899817e-02
-6.103611410786095176e-02
-6.092593353732164707e-02
-6.081630386963503970e-02
-6.070722235028686714e-02
-6.059868623853543329e-02
-6.049069280734275383e-02
-6.038323934330604159e-02
-6.027632314658951107e-02
-6.016994153085656466e-02
-6.006409182320228413e-02
-5.995877136408627600e-02
-5.985397750726584309e-02
-5.974970761972951683e-02
-5.964595908163086713e-02
-5.954272928622271477e-02
-5.944001563979160047e-02
-5.933781556159264253e-02
-5.923612648378467904e-02
-5.913494585136575693e-02
-5.903427112210892641e-02
-5.893409976649838233e-02
-5.883442926766589004e-02
-5.873525712132755816e-02
-5.863658083572092367e-02
-5.853839793154232141e-02
-5.844070594188460754e-02
-5.834350241217518135e-02
-5.824678490011430537e-02
-5.815055097561373093e-02
-5.805479822073566359e-02
-5.795952422963198541e-02
-5.786472660848382410e-02
-5.777040297544140668e-02
-5.767655096056419767e-02
-5.758316820576137723e-02
-5.749025236473256917e-02
-5.739780110290890885e-02
-5.730581209739436105e-02
-5.721428303690739153e-02
-5.712321162172285388e-02
-5.703259556361423704e-02
-5.694243258579616274e-02
-5.685272042286718119e-02
-5.676345682075284449e-02
-5.667463953664907822e-02
-5.658626633896583075e-02
-5.649833500727100000e-02
-5.641084333223464475e-02
-5.632378911557347351e-02
-5.623717016999560392e-02
-5.615098431914562760e-02
-5.606522939754989693e-02
-5.597990325056214495e-02
-5.589500373430933422e-02
-5.581052871563779022e-02
-5.572647607205959835e-02
-5.564284369169929939e-02
-5.555962947324079998e-02
-5.547683132587459542e-02
-5.539444716924522144e-02
-5.531247493339899735e-02
-5.523091255873200517e-02
-5.514975799593834632e-02
-5.506900920595865501e-02
-5.498866415992886142e-02
-5.490872083912921864e-02
-5.482917723493357237e-02
-5.475003134875890132e-02
-5.467128119201510733e-02
-5.459292478605503457e-02
-5.451496016212475926e-02
-5.443738536131413619e-02
-5.436019843450756728e-02
-5.428339744233502684e-02
-5.420698045512335056e-02
-5.413094555284773263e-02
-5.405529082508349348e-02
-5.398001437095807653e-02
-5.390511429910328778e-02
-5.383058872760777130e-02
-5.375643578396973460e-02
-5.368265360504988898e-02
-5.360924033702463981e-02
-5.353619413533951960e-02
-5.346351316466282227e-02
-5.339119559883950816e-02
-5.331923962084531010e-02
-5.324764342274108248e-02
-5.317640520562737921e-02
-5.310552317959923996e-02
-5.303499556370124685e-02
-5.296482058588274089e-02
-5.289499648295332979e-02
-5.282552150053856227e-02
-5.275639389303586613e-02
-5.268761192357068746e-02
-5.261917386395283114e-02
-5.255107799463306500e-02
-5.248332260465989746e-02
-5.241590599163659797e-02
-5.234882646167841186e-02
-5.228208232937001793e-02
-5.221567191772316652e-02
-5.214959355813455349e-02
-5.208384559034388156e-02
-5.201842636239216444e-02
-5.195333423058020456e-02
-5.188856755942730659e-02
-5.182412472163017148e-02
-5.176000409802201940e-02
-5.169620407753190705e-02
-5.163272305714424609e-02
-5.156955944185852292e-02
-5.150671164464923346e-02
-5.144417808642598455e-02
-5.138195719599385203e-02
-5.132004741001388454e-02
-5.125844717296381553e-02
-5.119715493709899728e-02
-5.113616916241350147e-02
-5.107548831660143479e-02
-5.101511087501842817e-02
-5.095503532064333402e-02
-5.089526014404011783e-02
-5.083578384331991634e-02
-5.077660492410331766e-02
-5.071772189948280107e-02
-5.065913328998538495e-02
-5.060083762353545511e-02
-5.054283343541778051e-02
-5.048511926824068852e-02
-5.042769367189948310e-02
-5.037055520353998783e-02
-5.031370242752229022e-02
-5.025713391538468022e-02
-5.020084824580775540e-02
-5.014484400457871333e-02
-5.008911978455581754e-02
-5.003367418563303692e-02
-4.997850581470487247e-02
-6.500000000000000222e-02
-6.500000000000000222e-02
-6.500000000000000222e-02
-6.500000000000000222e-02
-6.500000000000000222e-02
-6.500000000000000222e-02
-6.500000000000000222e-02
-6.500000000000000222e-02
-6.500000000000000222e-02
-6.500000000000000222e-02
-6.500000000000000222e-02
-6.500000000000000222e-02
-6.500000000000000222e-02
-6.500000000000000222e-02
-6.500000000000000222e-02
-6.500000000000000222e-02
-6.500000000000000222e-02
-6.500000000000000222e-02
-6.500000000000000222e-02
-6.500000000000000222e-02
-6.486999999999999711e-02
-6.474064999999999681e-02
-6.461194674999999610e-02
-6.448388701624999109e-02
-6.435646758116873867e-02
-6.422968524326289064e-02
-6.410353681704657192e-02
-6.397801913296133347e-02
-6.385312903729652156e-02
-6.372886339211003559e-02
-6.360521907514948836e-02
-6.348219297977374109e-02
-6.335978201487486861e-02
-6.323798310480049922e-02
-6.311679318927650162e-02
-6.299620922333011575e-02
-6.287622817721345847e-02
-6.275684703632739003e-02
-6.263806280114575520e-02
-6.251987248714002687e-02
-6.240227312470432441e-02
-6.228526175908079970e-02
-6.216883545028539793e-02
-6.205299127303397222e-02
-6.193772631666880080e-02
-6.182303768508545794e-02
-6.170892249666003193e-02
-6.159537788417673160e-02
-6.148240099475584669e-02
-6.136998898978206912e-02
-6.125813904483316114e-02
-6.114684834960899817e-02
-6.103611410786095176e-02
-6.092593353732164707e-02
-6.081630386963503970e-02
-6.070722235028686714e-02
-6.059868623853543329e-02
-6.049069280734275383e-02
-6.038323934330604159e-02
-6.027632314658951107e-02
-6.016994153085656466e-02
-6.006409182320228413e-02
-5.995877136408627600e-02
-5.985397750726584309e-02
-5.974970761972951683e-02
-5.964595908163086713e-02
-5.954272928622271477e-02
-5.944001563979160047e-02
-5.933781556159264253e-02
-5.923612648378467904e-02
-5.913494585136575693e-02
-5.903427112210892641e-02
-5.893409976649838233e-02
-5.883442926766589004e-02
-5.873525712132755816e-02
-5.863658083572092367e-02
-5.853839793154232141e-02
-5.844070594188460754e-02
-5.834350241217518135e-02
-5.824678490011430537e-02
-5.815055097561373093e-02
-5.805479822073566359e-02
-5.795952422963198541e-02
-5.786472660848382410e-02
-5.777040297544140668e-02
-5.767655096056419767e-02
-5.758316820576137723e-02
-5.749025236473256917e-02
-5.739780110290890885e-02
-5.730581209739436105e-02
-5.721428303690739153e-02
-5.712321162172285388e-02
-5.703259556361423704e-02
-5.694243258579616274e-02
-5.685272042286718119e-02
-5.676345682075284449e-02
-5.667463953664907822e-02
-5.658626633896583075e-02
-5.649833500727100000e-02
-5.641084333223464475e-02
-5.632378911557347351e-02
-5.623717016999560392e-02
-5.615098431914562760e-02
-5.606522939754989693e-02
-5.597990325056214495e-02
-5.589500373430933422e-02
-5.581052871563779022e-02
-5.572647607205959835e-02
-5.564284369169929939e-02
-5.555962947324079998e-02
-5.547683132587459542e-02
-5.539444716924522144e-02
-5.531247493339899735e-02
-5.523091255873200517e-02
-5.514975799593834632e-02
-5.506900920595865501e-02
-5.498866415992886142e-02
-5.490872083912921864e-02
-5.482917723493357237e-02
-5.475003134875890132e-02
-5.467128119201510733e-02
-5.459292478605503457e-02
-5.451496016212475926e-02
-5.443738536131413619e-02
-5.436019843450756728e-02
-5.428339744233502684e-02
-5.420698045512335056e-02
-5.413094555284773263e-02
-5.405529082508349348e-02
-5.398001437095807653e-02
-5.390511429910328778e-02
-5.383058872760777130e-02
-5.375643578396973460e-02
-5.368265360504988898e-02
-5.360924033702463981e-02
-5.353619413533951960e-02
-5.346351316466282227e-02
-5.339119559883950816e-02
-5.331923962084531010e-02
-5.324764342274108248e-02
-5.317640520562737921e-02
-5.310552317959923996e-02
-5.303499556370124685e-02
-5.296482058588274089e-02
-5.289499648295332979e-02
-5.282552150053856227e-02
-5.275639389303586613e-02
-5.268761192357068746e-02
-5.261917386395283114e-02
-5.255107799463306500e-02
-5.248332260465989746e-02
-5.241590599163659797e-02
-5.234882646167841186e-02
-5.228208232937001793e-02
-5.221567191772316652e-02
-5.214959355813455349e-02
-5.208384559034388156e-02
-5.201842636239216444e-02
-5.195333423058020456e-02
-5.188856755942730659e-02
-5.182412472163017148e-02
-5.176000409802201940e-02
-5.169620407753190705e-02
-5.163272305714424609e-02
-5.156955944185852292e-02
-5.150671164464923346e-02
-5.144417808642598455e-02
-5.138195719599385203e-02
-5.132004741001388454e-02
-5.125844717296381553e-02
-5.119715493709899728e-02
-5.113616916241350147e-02
-5.107548831660143479e-02
-5.101511087501842817e-02
-5.095503532064333402e-02
-5.089526014404011783e-02
-5.083578384331991634e-02
-5.077660492410331766e-02
-5.071772189948280107e-02
-5.065913328998538495e-02
-5.060083762353545511e-02
-5.054283343541778051e-02
-5.048511926824068852e-02
-5.042769367189948310e-02
-5.037055520353998783e-02
-5.031370242752229022e-02
-5.025713391538468022e-02
-5.020084824580775540e-02
-5.014484400457871333e-02
-5.008911978455581754e-02
-5.003367418563303692e-02
-4.997850581470487247e-02
-6.500000000000000222e-02
-6.500000000000000222e-02
-6.500000000000000222e-02
-6.500000000000000222e-02
-6.500000000000000222e-02
-6.500000000000000222e-02
-6.500000000000000222e-02
-6.500000000000000222e-02
-6.500000000000000222e-02
-6.500000000000000222e-02
-6.500000000000000222e-02
-6.500000000000000222e-02
-6.500000000000000222e-02
-6.500000000000000222e-02
-6.500000000000000222e-02
-6.500000000000000222e-02
-6.500000000000000222e-02
-6.500000000000000222e-02
-6.500000000000000222e-02
-6.500000000000000222e-02
-6.486999999999999711e-02
-6.474064999999999681e-02
-6.461194674999999610e-02
-6.448388701624999109e-02
-6.435646758116873867e-02
-6.422968524326289064e-02
-6.410353681704657192e-02
-6.397801913296133347e-02
-6.385312903729652156e-02
-6.372886339211003559e-02
-6.360521907514948836e-02
-6.348219297977374109e-02
-6.335978201487486861e-02
-6.323798310480049922e-02
-6.311679318927650162e-02
-6.299620922333011575e-02
-6.287622817721345847e-02
-6.275684703632739003e-02
-6.263806280114575520e-02
-6.251987248714002687e-02
-6.240227312470432441e-02
-6.228526175908079970e-02
-6.216883545028539793e-02
-6.205299127303397222e-02
-6.193772631666880080e-02
-6.182303768508545794e-02
-6.170892249666003193e-02
-6.159537788417673160e-02
-6.148240099475584669e-02
-6.136998898978206912e-02
-6.125813904483316114e-02
-6.114684834960899817e-02
-6.103611410786095176e-02
-6.092593353732164707e-02
-6.081630386963503970e-02
-6.070722235028686714e-02
-6.059868623853543329e-02
-6.049069280734275383e-02
-6.038323934330604159e-02
-6.027632314658951107e-02
-6.016994153085656466e-02
-6.006409182320228413e-02
-5.995877136408627600e-02
-5.985397750726584309e-02
-5.974970761972951683e-02
-5.964595908163086713e-02
-5.954272928622271477e-02
-5.944001563979160047e-02
-5.933781556159264253e-02
-5.923612648378467904e-02
-5.913494585136575693e-02
-5.903427112210892641e-02
-5.893409976649838233e-02
-5.883442926766589004e-02
-5.873525712132755816e-02
-5.863658083572092367e-02
-5.853839793154232141e-02
-5.844070594188460754e-02
-5.834350241217518135e-02
-5.824678490011430537e-02
-5.815055097561373093e-02
-5.805479822073566359e-02
-5.795952422963198541e-02
-5.786472660848382410e-02
-5.777040297544140668e-02
-5.767655096056419767e-02
-5.758316820576137723e-02
-5.749025236473256917e-02
-5.739780110290890885e-02
-5.730581209739436105e-02
-5.721428303690739153e-02
-5.712321162172285388e-02
-5.703259556361423704e-02
-5.694243258579616274e-02
-5.685272042286718119e-02
-5.676345682075284449e-02
-5.667463953664907822e-02
-5.658626633896583075e-02
-5.649833500727100000e-02
-5.641084333223464475e-02
-5.632378911557347351e-02
-5.623717016999560392e-02
-5.615098431914562760e-02
-5.606522939754989693e-02
-5.597990325056214495e-02
-5.589500373430933422e-02
-5.581052871563779022e-02
-5.572647607205959835e-02
-5.564284369169929939e-02
-5.555962947324079998e-02
-5.547683132587459542e-02
-5.539444716924522144e-02
-5.531247493339899735e-02
-5.523091255873200517e-02
-5.514975799593834632e-02
-5.506900920595865501e-02
-5.498866415992886142e-02
-5.490872083912921864e-02
-5.482917723493357237e-02
-5.475003134875890132e-02
-5.467128119201510733e-02
-5.459292478605503457e-02
-5.451496016212475926e-02
-5.443738536131413619e-02
-5.436019843450756728e-02
-5.428339744233502684e-02
-5.420698045512335056e-02
-5.413094555284773263e-02
-5.405529082508349348e-02
-5.398001437095807653e-02
-5.390511429910328778e-02
-5.383058872760777130e-02
-5.375643578396973460e-02
-5.368265360504988898e-02
-5.360924033702463981e-02
-5.353619413533951960e-02
-5.346351316466282227e-02
-5.339119559883950816e-02
-5.331923962084531010e-02
-5.324764342274108248e-02
-5.317640520562737921e-02
-5.310552317959923996e-02
-5.303499556370124685e-02
-5.296482058588274089e-02
-5.289499648295332979e-02
-5.282552150053856227e-02
-5.275639389303586613e-02
-5.268761192357068746e-02
-5.261917386395283114e-02
-5.255107799463306500e-02
-5.248332260465989746e-02
-5.241590599163659797e-02
-5.234882646167841186e-02
-5.228208232937001793e-02
-5.221567191772316652e-02
-5.214959355813455349e-02
-5.208384559034388156e-02
-5.201842636239216444e-02
-5.195333423058020456e-02
-5.188856755942730659e-02
-5.182412472163017148e-02
-5.176000409802201940e-02
-5.169620407753190705e-02
-5.163272305714424609e-02
-5.156955944185852292e-02
-5.150671164464923346e-02
-5.144417808642598455e-02
-5.138195719599385203e-02
-5.132004741001388454e-02
-5.125844717296381553e-02
-5.119715493709899728e-02
-5.113616916241350147e-02
-5.107548831660143479e-02
-5.101511087501842817e-02
-5.095503532064333402e-02
-5.089526014404011783e-02
-5.083578384331991634e-02
-5.077660492410331766e-02
-5.071772189948280107e-02
-5.065913328998538495e-02
-5.060083762353545511e-02
-5.054283343541778051e-02
-5.048511926824068852e-02
-5.042769367189948310e-02
-5.037055520353998783e-02
-5.031370242752229022e-02
-5.025713391538468022e-02
-5.020084824580775540e-02
-5.014484400457871333e-02
-5.008911978455581754e-02
-5.003367418563303692e-02
-4.997850581470487247e-02
-6.500000000000000222e-02
-6.500000000000000222e-02
-6.500000000000000222e-02
-6.500000000000000222e-02
-6.500000000000000222e-02
-6.500000000000000222e-02
-6.500000000000000222e-02
-6.500000000000000222e-02
-6.500000000000000222e-02
-6.500000000000000222e-02
-6.500000000000000222e-02
-6.500000000000000222e-02
-6.500000000000000222e-02
-6.500000000000000222e-02
-6.500000000000000222e-02
-6.500000000000000222e-02
-6.500000000000000222e-02
-6.500000000000000222e-02
-6.500000000000000222e-02
-6.500000000000000222e-02
-6.486999999999999711e-02
-6.474064999999999681e-02
-6.461194674999999610e-02
-6.448388701624999109e-02
-6.435646758116873867e-02
-6.422968524326289064e-02
-6.410353681704657192e-02
-6.397801913296133347e-02
-6.385312903729652156e-02
-6.372886339211003559e-02
-6.360521907514948836e-02
-6.348219297977374109e-02
-6.335978201487486861e-02
-6.323798310480049922e-02
-6.311679318927650162e-02
-6.299620922333011575e-02
-6.287622817721345847e-02
-6.275684703632739003e-02
-6.263806280114575520e-02
-6.251987248714002687e-02
-6.240227312470432441e-02
-6.228526175908079970e-02
-6.216883545028539793e-02
-6.205299127303397222e-02
-6.193772631666880080e-02
-6.182303768508545794e-02
-6.170892249666003193e-02
-6.159537788417673160e-02
-6.148240099475584669e-02
-6.136998898978206912e-02
-6.125813904483316114e-02
-6.114684834960899817e-02
-6.103611410786095176e-02
-6.092593353732164707e-02
-6.081630386963503970e-02
-6.070722235028686714e-02
-6.059868623853543329e-02
-6.049069280734275383e-02
-6.038323934330604159e-02
-6.027632314658951107e-02
-6.016994153085656466e-02
-6.006409182320228413e-02
-5.995877136408627600e-02
-5.985397750726584309e-02
-5.974970761972951683e-02
-5.964595908163086713e-02
-5.954272928622271477e-02
-5.944001563979160047e-02
-5.933781556159264253e-02
-5.923612648378467904e-02
-5.913494585136575693e-02
-5.903427112210892641e-02
-5.893409976649838233e-02
-5.883442926766589004e-02
-5.873525712132755816e-02
-5.863658083572092367e-02
-5.853839793154232141e-02
-5.844070594188460754e-02
-5.834350241217518135e-02
-5.824678490011430537e-02
-5.815055097561373093e-02
-5.805479822073566359e-02
-5.795952422963198541e-02
-5.786472660848382410e-02
-5.777040297544140668e-02
-5.767655096056419767e-02
-5.758316820576137723e-02
-5.749025236473256917e-02
-5.739780110290890885e-02
-5.730581209739436105e-02
-5.721428303690739153e-02
-5.712321162172285388e-02
-5.703259556361423704e-02
-5.694243258579616274e-02
-5.685272042286718119e-02
-5.676345682075284449e-02
-5.667463953664907822e-02
-5.658626633896583075e-02
-5.649833500727100000e-02
-5.641084333223464475e-02
-5.632378911557347351e-02
-5.623717016999560392e-02
-5.615098431914562760e-02
-5.606522939754989693e-02
-5.597990325056214495e-02
-5.589500373430933422e-02
-5.581052871563779022e-02
-5.572647607205959835e-02
-5.564284369169929939e-02
-5.555962947324079998e-02
-5.547683132587459542e-02
-5.539444716924522144e-02
-5.531247493339899735e-02
-5.523091255873200517e-02
-5.514975799593834632e-02
-5.506900920595865501e-02
-5.498866415992886142e-02
-5.490872083912921864e-02
-5.482917723493357237e-02
-5.475003134875890132e-02
-5.467128119201510733e-02
-5.459292478605503457e-02
-5.451496016212475926e-02
-5.443738536131413619e-02
-5.436019843450756728e-02
-5.428339744233502684e-02
-5.420698045512335056e-02
-5.413094555284773263e-02
-5.405529082508349348e-02
-5.398001437095807653e-02
-5.390511429910328778e-02
-5.383058872760777130e-02
-5.375643578396973460e-02
-5.368265360504988898e-02
-5.360924033702463981e-02
-5.353619413533951960e-02
-5.346351316466282227e-02
-5.339119559883950816e-02
-5.331923962084531010e-02
-5.324764342274108248e-02
-5.317640520562737921e-02
-5.310552317959923996e-02
-5.303499556370124685e-02
-5.296482058588274089e-02
-5.289499648295332979e-02
-5.282552150053856227e-02
-5.275639389303586613e-02
-5.268761192357068746e-02
-5.261917386395283114e-02
-5.255107799463306500e-02
-5.248332260465989746e-02
-5.241590599163659797e-02
-5.234882646167841186e-02
-5.228208232937001793e-02
-5.221567191772316652e-02
-5.214959355813455349e-02
-5.208384559034388156e-02
-5.201842636239216444e-02
-5.195333423058020456e-02
-5.188856755942730659e-02
-5.182412472163017148e-02
-5.176000409802201940e-02
-5.169620407753190705e-02
-5.163272305714424609e-02
-5.156955944185852292e-02
-5.150671164464923346e-02
-5.144417808642598455e-02
-5.138195719599385203e-02
-5.132004741001388454e-02
-5.125844717296381553e-02
-5.119715493709899728e-02
-5.113616916241350147e-02
-5.107548831660143479e-02
-5.101511087501842817e-02
-5.095503532064333402e-02
-5.089526014404011783e-02
-5.083578384331991634e-02
-5.077660492410331766e-02
-5.071772189948280107e-02
-5.065913328998538495e-02
-5.060083762353545511e-02
-5.054283343541778051e-02
-5.048511926824068852e-02
-5.042769367189948310e-02
-5.037055520353998783e-02
-5.031370242752229022e-02
-5.025713391538468022e-02
-5.020084824580775540e-02
-5.014484400457871333e-02
-5.008911978455581754e-02
-5.003367418563303692e-02
-4.997850581470487247e-02
-6.500000000000000222e-02
-6.500000000000000222e-02
-6.500000000000000222e-02
-6.500000000000000222e-02
-6.500000000000000222e-02
-6.500000000000000222e-02
-6.500000000000000222e-02
-6.500000000000000222e-02
-6.500000000000000222e-02
-6.500000000000000222e-02
-6.500000000000000222e-02
-6.500000000000000222e-02
-6.500000000000000222e-02
-6.500000000000000222e-02
-6.500000000000000222e-02
-6.500000000000000222e-02
-6.500000000000000222e-02
-6.500000000000000222e-02
-6.500000000000000222e-02
-6.500000000000000222e-02
-6.486999999999999711e-02
-6.474064999999999681e-02
-6.461194674999999610e-02
-6.448388701624999109e-02
-6.435646758116873867e-02
-6.422968524326289064e-02
-6.410353681704657192e-02
-6.397801913296133347e-02
-6.385312903729652156e-02
-6.372886339211003559e-02
-6.360521907514948836e-02
-6.348219297977374109e-02
-6.335978201487486861e-02
-6.323798310480049922e-02
-6.311679318927650162e-02
-6.299620922333011575e-02
-6.287622817721345847e-02
-6.275684703632739003e-02
-6.263806280114575520e-02
-6.251987248714002687e-02
-6.240227312470432441e-02
-6.228526175908079970e-02
-6.216883545028539793e-02
-6.205299127303397222e-02
-6.193772631666880080e-02
-6.182303768508545794e-02
-6.170892249666003193e-02
-6.159537788417673160e-02
-6.148240099475584669e-02
-6.136998898978206912e-02
-6.125813904483316114e-02
-6.114684834960899817e-02
-6.103611410786095176e-02
-6.092593353732164707e-02
-6.081630386963503970e-02
-6.070722235028686714e-02
-6.059868623853543329e-02
-6.049069280734275383e-02
-6.038323934330604159e-02
-6.027632314658951107e-02
-6.016994153085656466e-02
-6.006409182320228413e-02
-5.995877136408627600e-02
-5.985397750726584309e-02
-5.974970761972951683e-02
-5.964595908163086713e-02
-5.954272928622271477e-02
-5.944001563979160047e-02
-5.933781556159264253e-02
-5.923612648378467904e-02
-5.913494585136575693e-02
-5.903427112210892641e-02
-5.893409976649838233e-02
-5.883442926766589004e-02
-5.873525712132755816e-02
-5.863658083572092367e-02
-5.853839793154232141e-02
-5.844070594188460754e-02
-5.834350241217518135e-02
-5.824678490011430537e-02
-5.815055097561373093e-02
-5.805479822073566359e-02
-5.795952422963198541e-02
-5.786472660848382410e-02
-5.777040297544140668e-02
-5.767655096056419767e-02
-5.758316820576137723e-02
-5.749025236473256917e-02
-5.739780110290890885e-02
-5.730581209739436105e-02
-5.721428303690739153e-02
-5.712321162172285388e-02
-5.703259556361423704e-02
-5.694243258579616274e-02
-5.685272042286718119e-02
-5.676345682075284449e-02
-5.667463953664907822e-02
-5.658626633896583075e-02
-5.649833500727100000e-02
-5.641084333223464475e-02
-5.632378911557347351e-02
-5.623717016999560392e-02
-5.615098431914562760e-02
-5.606522939754989693e-02
-5.597990325056214495e-02
-5.589500373430933422e-02
-5.581052871563779022e-02
-5.572647607205959835e-02
-5.564284369169929939e-02
-5.555962947324079998e-02
-5.547683132587459542e-02
-5.539444716924522144e-02
-5.531247493339899735e-02
-5.523091255873200517e-02
-5.514975799593834632e-02
-5.506900920595865501e-02
-5.498866415992886142e-02
-5.490872083912921864e-02
-5.482917723493357237e-02
-5.475003134875890132e-02
-5.467128119201510733e-02
-5.459292478605503457e-02
-5.451496016212475926e-02
-5.443738536131413619e-02
-5.436019843450756728e-02
-5.428339744233502684e-02
-5.420698045512335056e-02
-5.413094555284773263e-02
-5.405529082508349348e-02
-5.398001437095807653e-02
-5.390511429910328778e-02
-5.383058872760777130e-02
-5.375643578396973460e-02
-5.368265360504988898e-02
-5.360924033702463981e-02
-5.353619413533951960e-02
-5.346351316466282227e-02
-5.339119559883950816e-02
-5.331923962084531010e-02
-5.324764342274108248e-02
-5.317640520562737921e-02
-5.310552317959923996e-02
-5.303499556370124685e-02
-5.296482058588274089e-02
-5.289499648295332979e-02
-5.282552150053856227e-02
-5.275639389303586613e-02
-5.268761192357068746e-02
-5.261917386395283114e-02
-5.255107799463306500e-02
-5.248332260465989746e-02
-5.241590599163659797e-02
-5.234882646167841186e-02
-5.228208232937001793e-02
-5.221567191772316652e-02
-5.214959355813455349e-02
-5.208384559034388156e-02
-5.201842636239216444e-02
-5.195333423058020456e-02
-5.188856755942730659e-02
-5.182412472163017148e-02
-5.176000409802201940e-02
-5.169620407753190705e-02
-5.163272305714424609e-02
-5.156955944185852292e-02
-5.150671164464923346e-02
-5.144417808642598455e-02
-5.138195719599385203e-02
-5.132004741001388454e-02
-5.125844717296381553e-02
-5.119715493709899728e-02
-5.113616916241350147e-02
-5.107548831660143479e-02
-5.101511087501842817e-02
-5.095503532064333402e-02
-5.089526014404011783e-02
-5.083578384331991634e-02
