-6.486250000000000349e-02
-6.472568750000000370e-02
-6.458955906250000989e-02
-6.445411126718751660e-02
-6.431934071085157467e-02
-6.418524400729731794e-02
-6.405181778726083686e-02
-6.391905869832453790e-02
-6.378696340483291927e-02
-6.365552858780874901e-02
-6.352475094486970120e-02
-6.339462719014535286e-02
-6.326515405419462501e-02
-6.313632828392365393e-02
-6.300814664250403707e-02
-6.288060590929152316e-02
-6.275370287974506300e-02
-6.262743436534633223e-02
-6.250179719351960095e-02
-6.237678820755200582e-02
-6.225240426651424547e-02
-6.212864224518167139e-02
-6.200549903395576046e-02
-6.188297153878598300e-02
-6.176105668109205249e-02
-6.163975139768659156e-02
-6.151905264069815887e-02
-6.139895737749467147e-02
-6.127946259060719492e-02
-6.116056527765415668e-02
-6.104226245126588568e-02
-6.092455113900955427e-02
-6.080742838331450878e-02
-6.069089124139793318e-02
-6.057493678519094288e-02
-6.045956210126499086e-02
-6.034476429075866927e-02
-6.023054046930487876e-02
-6.011688776695835179e-02
-6.000380332812355749e-02
-5.989128431148293963e-02
-5.977932788992552232e-02
-5.966793125047589741e-02
-5.955709159422351712e-02
-5.944680613625239612e-02
-5.933707210557113282e-02
-5.922788674504327749e-02
-5.911924731131806138e-02
-5.901115107476147259e-02
-5.890359531938766519e-02
-5.879657734279072900e-02
-5.869009445607677872e-02
-5.858414398379639676e-02
-5.847872326387741626e-02
-5.837382964755803011e-02
-5.826946049932024002e-02
-5.816561319682363868e-02
-5.806228513083951798e-02
-5.795947370518531733e-02
-5.785717633665939108e-02
-5.775539045497609519e-02
-5.765411350270121388e-02
-5.755334293518770544e-02
-5.745307622051176732e-02
-5.735331083940920643e-02
-5.725404428521216338e-02
-5.715527406378610037e-02
-5.705699769346717076e-02
-5.695921270499983147e-02
-5.686191664147483005e-02
-5.676510705826745551e-02
-5.666878152297611521e-02
-5.657293761536123788e-02
-5.647757292728443346e-02
-5.638268506264801361e-02
-5.628827163733477607e-02
-5.619433027914810114e-02
-5.610085862775236049e-02
-5.600785433461359653e-02
-5.591531506294052795e-02
-5.582323848762582585e-02
-5.573162229518769523e-02
-5.564046418371175473e-02
-5.554976186279319411e-02
-5.545951305347922994e-02
-5.536971548821183198e-02
-5.528036691077077569e-02
-5.519146507621692371e-02
-5.510300775083584041e-02
-5.501499271208166314e-02
-5.492741774852125808e-02
-5.484028065977865352e-02
-5.475357925647975771e-02
-5.466731136019736120e-02
-5.458147480339637508e-02
-5.449606742937939535e-02
-5.441108709223249629e-02
-5.432653165677133605e-02
-5.424239899848747742e-02
-5.415868700349504156e-02
-5.407539356847756301e-02
-5.399251660063517783e-02
-5.391005401763199895e-02
-5.382800374754383860e-02
-5.374636372880611801e-02
-5.366513191016208939e-02
-5.358430625061127994e-02
-5.350388471935822038e-02
-5.342386529576143017e-02
-5.334424596928262485e-02
-5.326502473943621474e-02
-5.318619961573903265e-02
-5.310776861766033918e-02
-5.302972977457203613e-02
-5.295208112569917830e-02
-5.287482072007067962e-02
-5.279794661647032455e-02
-5.272145688338797376e-02
-5.264534959897103350e-02
-5.256962285097618176e-02
-5.249427473672130251e-02
-5.241930336303769755e-02
-5.234470684622250652e-02
-5.227048331199139058e-02
-5.219663089543143120e-02
-5.212314774095427178e-02
-5.205003200224950222e-02
-5.197728184223825154e-02
-5.190489543302705816e-02
-5.183287095586192050e-02
-5.176120660108261134e-02
-5.168990056807720029e-02
-5.161895106523681220e-02
-5.154835630991062845e-02
-5.147811452836107554e-02
-5.140822395571927050e-02
-5.133868283594067439e-02
-5.126948942176096785e-02
-5.120064197465216266e-02
-5.113213876477890052e-02
-5.106397807095500868e-02
-5.099615818060023592e-02
-5.092867738969723140e-02
-5.086153400274874559e-02
-5.079472633273500459e-02
-5.072825270107132745e-02
-5.066211143756597229e-02
-5.059630088037814222e-02
-5.053081937597625473e-02
-5.046566527909637084e-02
-5.040083695270088787e-02
-5.033633276793738481e-02
-5.027215110409769677e-02
-5.020829034857721140e-02
-5.014474889683432496e-02
-5.008152515235015506e-02
-5.001861752658840615e-02
-4.995602443895546391e-02
-6.500000000000000222e-02
-6.500000000000000222e-02
-6.500000000000000222e-02
-6.500000000000000222e-02
-6.500000000000000222e-02
-6.500000000000000222e-02
-6.500000000000000222e-02
-6.500000000000000222e-02
-6.500000000000000222e-02
-6.500000000000000222e-02
-6.500000000000000222e-02
-6.500000000000000222e-02
-6.500000000000000222e-02
-6.500000000000000222e-02
-6.500000000000000222e-02
-6.500000000000000222e-02
-6.500000000000000222e-02
-6.500000000000000222e-02
-6.500000000000000222e-02
-6.500000000000000222e-02
-6.486250000000000349e-02
-6.472568750000000370e-02
-6.458955906250000989e-02
-6.445411126718751660e-02
-6.431934071085157467e-02
-6.418524400729731794e-02
-6.405181778726083686e-02
-6.391905869832453790e-02
-6.378696340483291927e-02
-6.365552858780874901e-02
-6.352475094486970120e-02
-6.339462719014535286e-02
-6.326515405419462501e-02
-6.313632828392365393e-02
-6.300814664250403707e-02
-6.288060590929152316e-02
-6.275370287974506300e-02
-6.262743436534633223e-02
-6.250179719351960095e-02
-6.237678820755200582e-02
-6.225240426651424547e-02
-6.212864224518167139e-02
-6.200549903395576046e-02
-6.188297153878598300e-02
-6.176105668109205249e-02
-6.163975139768659156e-02
-6.151905264069815887e-02
-6.139895737749467147e-02
-6.127946259060719492e-02
-6.116056527765415668e-02
-6.104226245126588568e-02
-6.092455113900955427e-02
-6.080742838331450878e-02
-6.069089124139793318e-02
-6.057493678519094288e-02
-6.045956210126499086e-02
-6.034476429075866927e-02
-6.023054046930487876e-02
-6.011688776695835179e-02
-6.000380332812355749e-02
-5.989128431148293963e-02
-5.977932788992552232e-02
-5.966793125047589741e-02
-5.955709159422351712e-02
-5.944680613625239612e-02
-5.933707210557113282e-02
-5.922788674504327749e-02
-5.911924731131806138e-02
-5.901115107476147259e-02
-5.890359531938766519e-02
-5.879657734279072900e-02
-5.869009445607677872e-02
-5.858414398379639676e-02
-5.847872326387741626e-02
-5.837382964755803011e-02
-5.826946049932024002e-02
-5.816561319682363868e-02
-5.806228513083951798e-02
-5.795947370518531733e-02
-5.785717633665939108e-02
-5.775539045497609519e-02
-5.765411350270121388e-02
-5.755334293518770544e-02
-5.745307622051176732e-02
-5.735331083940920643e-02
-5.725404428521216338e-02
-5.715527406378610037e-02
-5.705699769346717076e-02
-5.695921270499983147e-02
-5.686191664147483005e-02
-5.676510705826745551e-02
-5.666878152297611521e-02
-5.657293761536123788e-02
-5.647757292728443346e-02
-5.638268506264801361e-02
-5.628827163733477607e-02
-5.619433027914810114e-02
-5.610085862775236049e-02
-5.600785433461359653e-02
-5.591531506294052795e-02
-5.582323848762582585e-02
-5.573162229518769523e-02
-5.564046418371175473e-02
-5.554976186279319411e-02
-5.545951305347922994e-02
-5.536971548821183198e-02
-5.528036691077077569e-02
-5.519146507621692371e-02
-5.510300775083584041e-02
-5.501499271208166314e-02
-5.492741774852125808e-02
-5.484028065977865352e-02
-5.475357925647975771e-02
-5.466731136019736120e-02
-5.458147480339637508e-02
-5.449606742937939535e-02
-5.441108709223249629e-02
-5.432653165677133605e-02
-5.424239899848747742e-02
-5.415868700349504156e-02
-5.407539356847756301e-02
-5.399251660063517783e-02
-5.391005401763199895e-02
-5.382800374754383860e-02
-5.374636372880611801e-02
-5.366513191016208939e-02
-5.358430625061127994e-02
-5.350388471935822038e-02
-5.342386529576143017e-02
-5.334424596928262485e-02
-5.326502473943621474e-02
-5.318619961573903265e-02
-5.310776861766033918e-02
-5.302972977457203613e-02
-5.295208112569917830e-02
-5.287482072007067962e-02
-5.279794661647032455e-02
-5.272145688338797376e-02
-5.264534959897103350e-02
-5.256962285097618176e-02
-5.249427473672130251e-02
-5.241930336303769755e-02
-5.234470684622250652e-02
-5.227048331199139058e-02
-5.219663089543143120e-02
-5.212314774095427178e-02
-5.205003200224950222e-02
-5.197728184223825154e-02
-5.190489543302705816e-02
-5.183287095586192050e-02
-5.176120660108261134e-02
-5.168990056807720029e-02
-5.161895106523681220e-02
-5.154835630991062845e-02
-5.147811452836107554e-02
-5.140822395571927050e-02
-5.133868283594067439e-02
-5.126948942176096785e-02
-5.120064197465216266e-02
-5.113213876477890052e-02
-5.106397807095500868e-02
-5.099615818060023592e-02
-5.092867738969723140e-02
-5.086153400274874559e-02
-5.079472633273500459e-02
-5.072825270107132745e-02
-5.066211143756597229e-02
-5.059630088037814222e-02
-5.053081937597625473e-02
-5.046566527909637084e-02
-5.040083695270088787e-02
-5.033633276793738481e-02
-5.027215110409769677e-02
-5.020829034857721140e-02
-5.014474889683432496e-02
-5.008152515235015506e-02
-5.001861752658840615e-02
-4.995602443895546391e-02
-6.500000000000000222e-02
-6.500000000000000222e-02
-6.500000000000000222e-02
-6.500000000000000222e-02
-6.500000000000000222e-02
-6.500000000000000222e-02
-6.500000000000000222e-02
-6.500000000000000222e-02
-6.500000000000000222e-02
-6.500000000000000222e-02
-6.500000000000000222e-02
-6.500000000000000222e-02
-6.500000000000000222e-02
-6.500000000000000222e-02
-6.500000000000000222e-02
-6.500000000000000222e-02
-6.500000000000000222e-02
-6.500000000000000222e-02
-6.500000000000000222e-02
-6.500000000000000222e-02
-6.486250000000000349e-02
-6.472568750000000370e-02
-6.458955906250000989e-02
-6.445411126718751660e-02
-6.431934071085157467e-02
-6.418524400729731794e-02
-6.405181778726083686e-02
-6.391905869832453790e-02
-6.378696340483291927e-02
-6.365552858780874901e-02
-6.352475094486970120e-02
-6.339462719014535286e-02
-6.326515405419462501e-02
-6.313632828392365393e-02
-6.300814664250403707e-02
-6.288060590929152316e-02
-6.275370287974506300e-02
-6.262743436534633223e-02
-6.250179719351960095e-02
-6.237678820755200582e-02
-6.225240426651424547e-02
-6.212864224518167139e-02
-6.200549903395576046e-02
-6.188297153878598300e-02
-6.176105668109205249e-02
-6.163975139768659156e-02
-6.151905264069815887e-02
-6.139895737749467147e-02
-6.127946259060719492e-02
-6.116056527765415668e-02
-6.104226245126588568e-02
-6.092455113900955427e-02
-6.080742838331450878e-02
-6.069089124139793318e-02
-6.057493678519094288e-02
-6.045956210126499086e-02
-6.034476429075866927e-02
-6.023054046930487876e-02
-6.011688776695835179e-02
-6.000380332812355749e-02
-5.989128431148293963e-02
-5.977932788992552232e-02
-5.966793125047589741e-02
-5.955709159422351712e-02
-5.944680613625239612e-02
-5.933707210557113282e-02
-5.922788674504327749e-02
-5.911924731131806138e-02
-5.901115107476147259e-02
-5.890359531938766519e-02
-5.879657734279072900e-02
-5.869009445607677872e-02
-5.858414398379639676e-02
-5.847872326387741626e-02
-5.837382964755803011e-02
-5.826946049932024002e-02
-5.816561319682363868e-02
-5.806228513083951798e-02
-5.795947370518531733e-02
-5.785717633665939108e-02
-5.775539045497609519e-02
-5.765411350270121388e-02
-5.755334293518770544e-02
-5.745307622051176732e-02
-5.735331083940920643e-02
-5.725404428521216338e-02
-5.715527406378610037e-02
-5.705699769346717076e-02
-5.695921270499983147e-02
-5.686191664147483005e-02
-5.676510705826745551e-02
-5.666878152297611521e-02
-5.657293761536123788e-02
-5.647757292728443346e-02
-5.638268506264801361e-02
-5.628827163733477607e-02
-5.619433027914810114e-02
-5.610085862775236049e-02
-5.600785433461359653e-02
-5.591531506294052795e-02
-5.582323848762582585e-02
-5.573162229518769523e-02
-5.564046418371175473e-02
-5.554976186279319411e-02
-5.545951305347922994e-02
-5.536971548821183198e-02
-5.528036691077077569e-02
-5.519146507621692371e-02
-5.510300775083584041e-02
-5.501499271208166314e-02
-5.492741774852125808e-02
-5.484028065977865352e-02
-5.475357925647975771e-02
-5.466731136019736120e-02
-5.458147480339637508e-02
-5.449606742937939535e-02
-5.441108709223249629e-02
-5.432653165677133605e-02
-5.424239899848747742e-02
-5.415868700349504156e-02
-5.407539356847756301e-02
-5.399251660063517783e-02
-5.391005401763199895e-02
-5.382800374754383860e-02
-5.374636372880611801e-02
-5.366513191016208939e-02
-5.358430625061127994e-02
-5.350388471935822038e-02
-5.342386529576143017e-02
-5.334424596928262485e-02
-5.326502473943621474e-02
-5.318619961573903265e-02
-5.310776861766033918e-02
-5.302972977457203613e-02
-5.295208112569917830e-02
-5.287482072007067962e-02
-5.279794661647032455e-02
-5.272145688338797376e-02
-5.264534959897103350e-02
-5.256962285097618176e-02
-5.249427473672130251e-02
-5.241930336303769755e-02
-5.234470684622250652e-02
-5.227048331199139058e-02
-5.219663089543143120e-02
-5.212314774095427178e-02
-5.205003200224950222e-02
-5.197728184223825154e-02
-5.190489543302705816e-02
-5.183287095586192050e-02
-5.176120660108261134e-02
-5.168990056807720029e-02
-5.161895106523681220e-02
-5.154835630991062845e-02
-5.147811452836107554e-02
-5.140822395571927050e-02
-5.133868283594067439e-02
-5.126948942176096785e-02
-5.120064197465216266e-02
-5.113213876477890052e-02
-5.106397807095500868e-02
-5.099615818060023592e-02
-5.092867738969723140e-02
-5.086153400274874559e-02
-5.079472633273500459e-02
-5.072825270107132745e-02
-5.066211143756597229e-02
-5.059630088037814222e-02
-5.053081937597625473e-02
-5.046566527909637084e-02
-5.040083695270088787e-02
-5.033633276793738481e-02
-5.027215110409769677e-02
-5.020829034857721140e-02
-5.014474889683432496e-02
-5.008152515235015506e-02
-5.001861752658840615e-02
-4.995602443895546391e-02
-6.500000000000000222e-02
-6.500000000000000222e-02
-6.500000000000000222e-02
-6.500000000000000222e-02
-6.500000000000000222e-02
-6.500000000000000222e-02
-6.500000000000000222e-02
-6.500000000000000222e-02
-6.500000000000000222e-02
-6.500000000000000222e-02
-6.500000000000000222e-02
-6.500000000000000222e-02
-6.500000000000000222e-02
-6.500000000000000222e-02
-6.500000000000000222e-02
-6.500000000000000222e-02
-6.500000000000000222e-02
-6.500000000000000222e-02
-6.500000000000000222e-02
-6.500000000000000222e-02
-6.486250000000000349e-02
-6.472568750000000370e-02
-6.458955906250000989e-02
-6.445411126718751660e-02
-6.431934071085157467e-02
-6.418524400729731794e-02
-6.405181778726083686e-02
-6.391905869832453790e-02
-6.378696340483291927e-02
-6.365552858780874901e-02
-6.352475094486970120e-02
-6.339462719014535286e-02
-6.326515405419462501e-02
-6.313632828392365393e-02
-6.300814664250403707e-02
-6.288060590929152316e-02
-6.275370287974506300e-02
-6.262743436534633223e-02
-6.250179719351960095e-02
-6.237678820755200582e-02
-6.225240426651424547e-02
-6.212864224518167139e-02
-6.200549903395576046e-02
-6.188297153878598300e-02
-6.176105668109205249e-02
-6.163975139768659156e-02
-6.151905264069815887e-02
-6.139895737749467147e-02
-6.127946259060719492e-02
-6.116056527765415668e-02
-6.104226245126588568e-02
-6.092455113900955427e-02
-6.080742838331450878e-02
-6.069089124139793318e-02
-6.057493678519094288e-02
-6.045956210126499086e-02
-6.034476429075866927e-02
-6.023054046930487876e-02
-6.011688776695835179e-02
-6.000380332812355749e-02
-5.989128431148293963e-02
-5.977932788992552232e-02
-5.966793125047589741e-02
-5.955709159422351712e-02
-5.944680613625239612e-02
-5.933707210557113282e-02
-5.922788674504327749e-02
-5.911924731131806138e-02
-5.901115107476147259e-02
-5.890359531938766519e-02
-5.879657734279072900e-02
-5.869009445607677872e-02
-5.858414398379639676e-02
-5.847872326387741626e-02
-5.837382964755803011e-02
-5.826946049932024002e-02
-5.816561319682363868e-02
-5.806228513083951798e-02
-5.795947370518531733e-02
-5.785717633665939108e-02
-5.775539045497609519e-02
-5.765411350270121388e-02
-5.755334293518770544e-02
-5.745307622051176732e-02
-5.735331083940920643e-02
-5.725404428521216338e-02
-5.715527406378610037e-02
-5.705699769346717076e-02
-5.695921270499983147e-02
-5.686191664147483005e-02
-5.676510705826745551e-02
-5.666878152297611521e-02
-5.657293761536123788e-02
-5.647757292728443346e-02
-5.638268506264801361e-02
-5.628827163733477607e-02
-5.619433027914810114e-02
-5.610085862775236049e-02
-5.600785433461359653e-02
-5.591531506294052795e-02
-5.582323848762582585e-02
-5.573162229518769523e-02
-5.564046418371175473e-02
-5.554976186279319411e-02
-5.545951305347922994e-02
-5.536971548821183198e-02
-5.528036691077077569e-02
-5.519146507621692371e-02
-5.510300775083584041e-02
-5.501499271208166314e-02
-5.492741774852125808e-02
-5.484028065977865352e-02
-5.475357925647975771e-02
-5.466731136019736120e-02
-5.458147480339637508e-02
-5.449606742937939535e-02
-5.441108709223249629e-02
-5.432653165677133605e-02
-5.424239899848747742e-02
-5.415868700349504156e-02
-5.407539356847756301e-02
-5.399251660063517783e-02
-5.391005401763199895e-02
-5.382800374754383860e-02
-5.374636372880611801e-02
-5.366513191016208939e-02
-5.358430625061127994e-02
-5.350388471935822038e-02
-5.342386529576143017e-02
-5.334424596928262485e-02
-5.326502473943621474e-02
-5.318619961573903265e-02
-5.310776861766033918e-02
-5.302972977457203613e-02
-5.295208112569917830e-02
-5.287482072007067962e-02
-5.279794661647032455e-02
-5.272145688338797376e-02
-5.264534959897103350e-02
-5.256962285097618176e-02
-5.249427473672130251e-02
-5.241930336303769755e-02
-5.234470684622250652e-02
-5.227048331199139058e-02
-5.219663089543143120e-02
-5.212314774095427178e-02
-5.205003200224950222e-02
-5.197728184223825154e-02
-5.190489543302705816e-02
-5.183287095586192050e-02
-5.176120660108261134e-02
-5.168990056807720029e-02
-5.161895106523681220e-02
-5.154835630991062845e-02
-5.147811452836107554e-02
-5.140822395571927050e-02
-5.133868283594067439e-02
-5.126948942176096785e-02
-5.120064197465216266e-02
-5.113213876477890052e-02
-5.106397807095500868e-02
-5.099615818060023592e-02
-5.092867738969723140e-02
-5.086153400274874559e-02
-5.079472633273500459e-02
-5.072825270107132745e-02
-5.066211143756597229e-02
-5.059630088037814222e-02
-5.053081937597625473e-02
-5.046566527909637084e-02
-5.040083695270088787e-02
-5.033633276793738481e-02
-5.027215110409769677e-02
-5.020829034857721140e-02
-5.014474889683432496e-02
-5.008152515235015506e-02
-5.001861752658840615e-02
-4.995602443895546391e-02
-6.500000000000000222e-02
-6.500000000000000222e-02
-6.500000000000000222e-02
-6.500000000000000222e-02
-6.500000000000000222e-02
-6.500000000000000222e-02
-6.500000000000000222e-02
-6.500000000000000222e-02
-6.500000000000000222e-02
-6.500000000000000222e-02
-6.500000000000000222e-02
-6.500000000000000222e-02
-6.500000000000000222e-02
-6.500000000000000222e-02
-6.500000000000000222e-02
-6.500000000000000222e-02
-6.500000000000000222e-02
-6.500000000000000222e-02
-6.500000000000000222e-02
-6.500000000000000222e-02
-6.486250000000000349e-02
-6.472568750000000370e-02
-6.458955906250000989e-02
-6.445411126718751660e-02
-6.431934071085157467e-02
-6.418524400729731794e-02
-6.405181778726083686e-02
-6.391905869832453790e-02
-6.378696340483291927e-02
-6.365552858780874901e-02
-6.352475094486970120e-02
-6.339462719014535286e-02
-6.326515405419462501e-02
-6.313632828392365393e-02
-6.300814664250403707e-02
-6.288060590929152316e-02
-6.275370287974506300e-02
-6.262743436534633223e-02
-6.250179719351960095e-02
-6.237678820755200582e-02
-6.225240426651424547e-02
-6.212864224518167139e-02
-6.200549903395576046e-02
-6.188297153878598300e-02
-6.176105668109205249e-02
-6.163975139768659156e-02
-6.151905264069815887e-02
-6.139895737749467147e-02
-6.127946259060719492e-02
-6.116056527765415668e-02
-6.104226245126588568e-02
-6.092455113900955427e-02
-6.080742838331450878e-02
-6.069089124139793318e-02
-6.057493678519094288e-02
-6.045956210126499086e-02
-6.034476429075866927e-02
-6.023054046930487876e-02
-6.011688776695835179e-02
-6.000380332812355749e-02
-5.989128431148293963e-02
-5.977932788992552232e-02
-5.966793125047589741e-02
-5.955709159422351712e-02
-5.944680613625239612e-02
-5.933707210557113282e-02
-5.922788674504327749e-02
-5.911924731131806138e-02
-5.901115107476147259e-02
-5.890359531938766519e-02
-5.879657734279072900e-02
-5.869009445607677872e-02
-5.858414398379639676e-02
-5.847872326387741626e-02
-5.837382964755803011e-02
-5.826946049932024002e-02
-5.816561319682363868e-02
-5.806228513083951798e-02
-5.795947370518531733e-02
-5.785717633665939108e-02
-5.775539045497609519e-02
-5.765411350270121388e-02
-5.755334293518770544e-02
-5.745307622051176732e-02
-5.735331083940920643e-02
-5.725404428521216338e-02
-5.715527406378610037e-02
-5.705699769346717076e-02
-5.695921270499983147e-02
-5.686191664147483005e-02
-5.676510705826745551e-02
-5.666878152297611521e-02
-5.657293761536123788e-02
-5.647757292728443346e-02
-5.638268506264801361e-02
-5.628827163733477607e-02
-5.619433027914810114e-02
-5.610085862775236049e-02
-5.600785433461359653e-02
-5.591531506294052795e-02
-5.582323848762582585e-02
-5.573162229518769523e-02
-5.564046418371175473e-02
-5.554976186279319411e-02
-5.545951305347922994e-02
-5.536971548821183198e-02
-5.528036691077077569e-02
-5.519146507621692371e-02
-5.510300775083584041e-02
-5.501499271208166314e-02
-5.492741774852125808e-02
-5.484028065977865352e-02
-5.475357925647975771e-02
-5.466731136019736120e-02
-5.458147480339637508e-02
-5.449606742937939535e-02
-5.441108709223249629e-02
-5.432653165677133605e-02
-5.424239899848747742e-02
-5.415868700349504156e-02
-5.407539356847756301e-02
-5.399251660063517783e-02
-5.391005401763199895e-02
-5.382800374754383860e-02
-5.374636372880611801e-02
-5.366513191016208939e-02
-5.358430625061127994e-02
-5.350388471935822038e-02
-5.342386529576143017e-02
-5.334424596928262485e-02
-5.326502473943621474e-02
-5.318619961573903265e-02
-5.310776861766033918e-02
-5.302972977457203613e-02
-5.295208112569917830e-02
-5.287482072007067962e-02
-5.279794661647032455e-02
-5.272145688338797376e-02
-5.264534959897103350e-02
-5.256962285097618176e-02
-5.249427473672130251e-02
-5.241930336303769755e-02
-5.234470684622250652e-02
-5.227048331199139058e-02
-5.219663089543143120e-02
-5.212314774095427178e-02
-5.205003200224950222e-02
-5.197728184223825154e-02
-5.190489543302705816e-02
-5.183287095586192050e-02
-5.176120660108261134e-02
-5.168990056807720029e-02
-5.161895106523681220e-02
-5.154835630991062845e-02
-5.147811452836107554e-02
-5.140822395571927050e-02
-5.133868283594067439e-02
-5.126948942176096785e-02
-5.120064197465216266e-02
-5.113213876477890052e-02
-5.106397807095500868e-02
-5.099615818060023592e-02
-5.092867738969723140e-02
-5.086153400274874559e-02
-5.079472633273500459e-02
-5.072825270107132745e-02
-5.066211143756597229e-02
-5.059630088037814222e-02
-5.053081937597625473e-02
-5.046566527909637084e-02
-5.040083695270088787e-02
-5.033633276793738481e-02
-5.027215110409769677e-02
-5.020829034857721140e-02
-5.014474889683432496e-02
-5.008152515235015506e-02
-5.001861752658840615e-02
-4.995602443895546391e-02
-6.500000000000000222e-02
-6.500000000000000222e-02
-6.500000000000000222e-02
-6.500000000000000222e-02
-6.500000000000000222e-02
-6.500000000000000222e-02
-6.500000000000000222e-02
-6.500000000000000222e-02
-6.500000000000000222e-02
-6.500000000000000222e-02
-6.500000000000000222e-02
-6.500000000000000222e-02
-6.500000000000000222e-02
-6.500000000000000222e-02
-6.500000000000000222e-02
-6.500000000000000222e-02
-6.500000000000000222e-02
-6.500000000000000222e-02
-6.500000000000000222e-02
-6.500000000000000222e-02
-6.486250000000000349e-02
-6.472568750000000370e-02
-6.458955906250000989e-02
-6.445411126718751660e-02
-6.431934071085157467e-02
-6.418524400729731794e-02
-6.405181778726083686e-02
-6.391905869832453790e-02
-6.378696340483291927e-02
-6.365552858780874901e-02
-6.352475094486970120e-02
-6.339462719014535286e-02
-6.326515405419462501e-02
-6.313632828392365393e-02
-6.300814664250403707e-02
-6.288060590929152316e-02
-6.275370287974506300e-02
-6.262743436534633223e-02
-6.250179719351960095e-02
-6.237678820755200582e-02
-6.225240426651424547e-02
-6.212864224518167139e-02
-6.200549903395576046e-02
-6.188297153878598300e-02
-6.176105668109205249e-02
-6.163975139768659156e-02
-6.151905264069815887e-02
-6.139895737749467147e-02
-6.127946259060719492e-02
-6.116056527765415668e-02
-6.104226245126588568e-02
-6.092455113900955427e-02
-6.080742838331450878e-02
-6.069089124139793318e-02
-6.057493678519094288e-02
-6.045956210126499086e-02
-6.034476429075866927e-02
-6.023054046930487876e-02
-6.011688776695835179e-02
-6.000380332812355749e-02
-5.989128431148293963e-02
-5.977932788992552232e-02
-5.966793125047589741e-02
-5.955709159422351712e-02
-5.944680613625239612e-02
-5.933707210557113282e-02
-5.922788674504327749e-02
-5.911924731131806138e-02
-5.901115107476147259e-02
-5.890359531938766519e-02
-5.879657734279072900e-02
-5.869009445607677872e-02
-5.858414398379639676e-02
-5.847872326387741626e-02
-5.837382964755803011e-02
-5.826946049932024002e-02
-5.816561319682363868e-02
-5.806228513083951798e-02
-5.795947370518531733e-02
-5.785717633665939108e-02
-5.775539045497609519e-02
-5.765411350270121388e-02
-5.755334293518770544e-02
-5.745307622051176732e-02
-5.735331083940920643e-02
-5.725404428521216338e-02
-5.715527406378610037e-02
-5.705699769346717076e-02
-5.695921270499983147e-02
-5.686191664147483005e-02
-5.676510705826745551e-02
-5.666878152297611521e-02
-5.657293761536123788e-02
-5.647757292728443346e-02
-5.638268506264801361e-02
-5.628827163733477607e-02
-5.619433027914810114e-02
-5.610085862775236049e-02
-5.600785433461359653e-02
-5.591531506294052795e-02
-5.582323848762582585e-02
-5.573162229518769523e-02
-5.564046418371175473e-02
-5.554976186279319411e-02
-5.545951305347922994e-02
-5.536971548821183198e-02
-5.528036691077077569e-02
-5.519146507621692371e-02
-5.510300775083584041e-02
-5.501499271208166314e-02
-5.492741774852125808e-02
-5.484028065977865352e-02
-5.475357925647975771e-02
-5.466731136019736120e-02
-5.458147480339637508e-02
-5.449606742937939535e-02
-5.441108709223249629e-02
-5.432653165677133605e-02
-5.424239899848747742e-02
-5.415868700349504156e-02
-5.407539356847756301e-02
-5.399251660063517783e-02
-5.391005401763199895e-02
-5.382800374754383860e-02
-5.374636372880611801e-02
-5.366513191016208939e-02
-5.358430625061127994e-02
-5.350388471935822038e-02
-5.342386529576143017e-02
-5.334424596928262485e-02
-5.326502473943621474e-02
-5.318619961573903265e-02
-5.310776861766033918e-02
-5.302972977457203613e-02
-5.295208112569917830e-02
-5.287482072007067962e-02
-5.279794661647032455e-02
-5.272145688338797376e-02
-5.264534959897103350e-02
-5.256962285097618176e-02
-5.249427473672130251e-02
-5.241930336303769755e-02
-5.234470684622250652e-02
-5.227048331199139058e-02
-5.219663089543143120e-02
-5.212314774095427178e-02
-5.205003200224950222e-02
-5.197728184223825154e-02
-5.190489543302705816e-02
-5.183287095586192050e-02
-5.176120660108261134e-02
-5.168990056807720029e-02
-5.161895106523681220e-02
-5.154835630991062845e-02
-5.147811452836107554e-02
-5.140822395571927050e-02
-5.133868283594067439e-02
-5.126948942176096785e-02
-5.120064197465216266e-02
-5.113213876477890052e-02
-5.106397807095500868e-02
-5.099615818060023592e-02
-5.092867738969723140e-02
-5.086153400274874559e-02
-5.079472633273500459e-02
-5.072825270107132745e-02
-5.066211143756597229e-02
-5.059630088037814222e-02
-5.053081937597625473e-02
-5.046566527909637084e-02
-5.040083695270088787e-02
-5.033633276793738481e-02
-5.027215110409769677e-02
-5.020829034857721140e-02
-5.014474889683432496e-02
-5.008152515235015506e-02
-5.001861752658840615e-02
-4.995602443895546391e-02
-6.500000000000000222e-02
-6.500000000000000222e-02
-6.500000000000000222e-02
-6.500000000000000222e-02
-6.500000000000000222e-02
-6.500000000000000222e-02
-6.500000000000000222e-02
-6.500000000000000222e-02
-6.500000000000000222e-02
-6.500000000000000222e-02
-6.500000000000000222e-02
-6.500000000000000222e-02
-6.500000000000000222e-02
-6.500000000000000222e-02
-6.500000000000000222e-02
-6.500000000000000222e-02
-6.500000000000000222e-02
-6.500000000000000222e-02
-6.500000000000000222e-02
-6.500000000000000222e-02
-6.486250000000000349e-02
-6.472568750000000370e-02
-6.458955906250000989e-02
-6.445411126718751660e-02
-6.431934071085157467e-02
-6.418524400729731794e-02
-6.405181778726083686e-02
-6.391905869832453790e-02
-6.378696340483291927e-02
-6.365552858780874901e-02
-6.352475094486970120e-02
-6.339462719014535286e-02
-6.326515405419462501e-02
-6.313632828392365393e-02
-6.300814664250403707e-02
-6.288060590929152316e-02
-6.275370287974506300e-02
-6.262743436534633223e-02
-6.250179719351960095e-02
-6.237678820755200582e-02
-6.225240426651424547e-02
-6.212864224518167139e-02
-6.200549903395576046e-02
-6.188297153878598300e-02
-6.176105668109205249e-02
-6.163975139768659156e-02
-6.151905264069815887e-02
-6.139895737749467147e-02
-6.127946259060719492e-02
-6.116056527765415668e-02
-6.104226245126588568e-02
-6.092455113900955427e-02
-6.080742838331450878e-02
-6.069089124139793318e-02
-6.057493678519094288e-02
-6.045956210126499086e-02
-6.034476429075866927e-02
-6.023054046930487876e-02
-6.011688776695835179e-02
-6.000380332812355749e-02
-5.989128431148293963e-02
-5.977932788992552232e-02
-5.966793125047589741e-02
-5.955709159422351712e-02
-5.944680613625239612e-02
-5.933707210557113282e-02
-5.922788674504327749e-02
-5.911924731131806138e-02
-5.901115107476147259e-02
-5.890359531938766519e-02
-5.879657734279072900e-02
-5.869009445607677872e-02
-5.858414398379639676e-02
-5.847872326387741626e-02
-5.837382964755803011e-02
-5.826946049932024002e-02
-5.816561319682363868e-02
-5.806228513083951798e-02
-5.795947370518531733e-02
-5.785717633665939108e-02
-5.775539045497609519e-02
-5.765411350270121388e-02
-5.755334293518770544e-02
-5.745307622051176732e-02
-5.735331083940920643e-02
-5.725404428521216338e-02
-5.715527406378610037e-02
-5.705699769346717076e-02
-5.695921270499983147e-02
-5.686191664147483005e-02
-5.676510705826745551e-02
-5.666878152297611521e-02
-5.657293761536123788e-02
-5.647757292728443346e-02
-5.638268506264801361e-02
-5.628827163733477607e-02
-5.619433027914810114e-02
-5.610085862775236049e-02
-5.600785433461359653e-02
-5.591531506294052795e-02
-5.582323848762582585e-02
-5.573162229518769523e-02
-5.564046418371175473e-02
-5.554976186279319411e-02
-5.545951305347922994e-02
-5.536971548821183198e-02
-5.528036691077077569e-02
-5.519146507621692371e-02
-5.510300775083584041e-02
-5.501499271208166314e-02
-5.492741774852125808e-02
-5.484028065977865352e-02
-5.475357925647975771e-02
-5.466731136019736120e-02
-5.458147480339637508e-02
-5.449606742937939535e-02
-5.441108709223249629e-02
-5.432653165677133605e-02
-5.424239899848747742e-02
-5.415868700349504156e-02
-5.407539356847756301e-02
-5.399251660063517783e-02
-5.391005401763199895e-02
-5.382800374754383860e-02
-5.374636372880611801e-02
-5.366513191016208939e-02
-5.358430625061127994e-02
-5.350388471935822038e-02
-5.342386529576143017e-02
-5.334424596928262485e-02
-5.326502473943621474e-02
-5.318619961573903265e-02
-5.310776861766033918e-02
-5.302972977457203613e-02
-5.295208112569917830e-02
-5.287482072007067962e-02
-5.279794661647032455e-02
-5.272145688338797376e-02
-5.264534959897103350e-02
-5.256962285097618176e-02
-5.249427473672130251e-02
-5.241930336303769755e-02
-5.234470684622250652e-02
-5.227048331199139058e-02
-5.219663089543143120e-02
-5.212314774095427178e-02
-5.205003200224950222e-02
-5.197728184223825154e-02
-5.190489543302705816e-02
-5.183287095586192050e-02
-5.176120660108261134e-02
-5.168990056807720029e-02
-5.161895106523681220e-02
-5.154835630991062845e-02
-5.147811452836107554e-02
-5.140822395571927050e-02
-5.133868283594067439e-02
-5.126948942176096785e-02
-5.120064197465216266e-02
-5.113213876477890052e-02
-5.106397807095500868e-02
-5.099615818060023592e-02
-5.092867738969723140e-02
-5.086153400274874559e-02
-5.079472633273500459e-02
-5.072825270107132745e-02
-5.066211143756597229e-02
-5.059630088037814222e-02
-5.053081937597625473e-02
-5.046566527909637084e-02
-5.040083695270088787e-02
-5.033633276793738481e-02
-5.027215110409769677e-02
-5.020829034857721140e-02
-5.014474889683432496e-02
-5.008152515235015506e-02
-5.001861752658840615e-02
-4.995602443895546391e-02
-6.500000000000000222e-02
-6.500000000000000222e-02
-6.500000000000000222e-02
-6.500000000000000222e-02
-6.500000000000000222e-02
-6.500000000000000222e-02
-6.500000000000000222e-02
-6.500000000000000222e-02
-6.500000000000000222e-02
-6.500000000000000222e-02
-6.500000000000000222e-02
-6.500000000000000222e-02
-6.500000000000000222e-02
-6.500000000000000222e-02
-6.500000000000000222e-02
-6.500000000000000222e-02
-6.500000000000000222e-02
-6.500000000000000222e-02
-6.500000000000000222e-02
-6.500000000000000222e-02
-6.486250000000000349e-02
-6.472568750000000370e-02
-6.458955906250000989e-02
-6.445411126718751660e-02
-6.431934071085157467e-02
-6.418524400729731794e-02
-6.405181778726083686e-02
-6.391905869832453790e-02
-6.378696340483291927e-02
-6.365552858780874901e-02
-6.352475094486970120e-02
-6.339462719014535286e-02
-6.326515405419462501e-02
-6.313632828392365393e-02
-6.300814664250403707e-02
-6.288060590929152316e-02
-6.275370287974506300e-02
-6.262743436534633223e-02
-6.250179719351960095e-02
-6.237678820755200582e-02
-6.225240426651424547e-02
-6.212864224518167139e-02
-6.200549903395576046e-02
-6.188297153878598300e-02
-6.176105668109205249e-02
-6.163975139768659156e-02
-6.151905264069815887e-02
-6.139895737749467147e-02
-6.127946259060719492e-02
-6.116056527765415668e-02
-6.104226245126588568e-02
-6.092455113900955427e-02
-6.080742838331450878e-02
-6.069089124139793318e-02
-6.057493678519094288e-02
-6.045956210126499086e-02
-6.034476429075866927e-02
-6.023054046930487876e-02
-6.011688776695835179e-02
-6.000380332812355749e-02
-5.989128431148293963e-02
-5.977932788992552232e-02
-5.966793125047589741e-02
-5.955709159422351712e-02
-5.944680613625239612e-02
-5.933707210557113282e-02
-5.922788674504327749e-02
-5.911924731131806138e-02
-5.901115107476147259e-02
-5.890359531938766519e-02
-5.879657734279072900e-02
-5.869009445607677872e-02
-5.858414398379639676e-02
-5.847872326387741626e-02
-5.837382964755803011e-02
-5.826946049932024002e-02
-5.816561319682363868e-02
-5.806228513083951798e-02
-5.795947370518531733e-02
-5.785717633665939108e-02
-5.775539045497609519e-02
-5.765411350270121388e-02
-5.755334293518770544e-02
-5.745307622051176732e-02
-5.735331083940920643e-02
-5.725404428521216338e-02
-5.715527406378610037e-02
-5.705699769346717076e-02
-5.695921270499983147e-02
-5.686191664147483005e-02
-5.676510705826745551e-02
-5.666878152297611521e-02
-5.657293761536123788e-02
-5.647757292728443346e-02
-5.638268506264801361e-02
-5.628827163733477607e-02
-5.619433027914810114e-02
-5.610085862775236049e-02
-5.600785433461359653e-02
-5.591531506294052795e-02
-5.582323848762582585e-02
-5.573162229518769523e-02
-5.564046418371175473e-02
-5.554976186279319411e-02
-5.545951305347922994e-02
-5.536971548821183198e-02
-5.528036691077077569e-02
-5.519146507621692371e-02
-5.510300775083584041e-02
-5.501499271208166314e-02
-5.492741774852125808e-02
-5.484028065977865352e-02
-5.475357925647975771e-02
-5.466731136019736120e-02
-5.458147480339637508e-02
-5.449606742937939535e-02
-5.441108709223249629e-02
-5.432653165677133605e-02
-5.424239899848747742e-02
-5.415868700349504156e-02
-5.407539356847756301e-02
-5.399251660063517783e-02
-5.391005401763199895e-02
-5.382800374754383860e-02
-5.374636372880611801e-02
-5.366513191016208939e-02
-5.358430625061127994e-02
-5.350388471935822038e-02
-5.342386529576143017e-02
-5.334424596928262485e-02
-5.326502473943621474e-02
-5.318619961573903265e-02
-5.310776861766033918e-02
-5.302972977457203613e-02
-5.295208112569917830e-02
-5.287482072007067962e-02
-5.279794661647032455e-02
-5.272145688338797376e-02
-5.264534959897103350e-02
-5.256962285097618176e-02
-5.249427473672130251e-02
-5.241930336303769755e-02
-5.234470684622250652e-02
-5.227048331199139058e-02
-5.219663089543143120e-02
-5.212314774095427178e-02
-5.205003200224950222e-02
-5.197728184223825154e-02
-5.190489543302705816e-02
-5.183287095586192050e-02
-5.176120660108261134e-02
-5.168990056807720029e-02
-5.161895106523681220e-02
-5.154835630991062845e-02
-5.147811452836107554e-02
-5.140822395571927050e-02
-5.133868283594067439e-02
-5.126948942176096785e-02
-5.120064197465216266e-02
-5.113213876477890052e-02
-5.106397807095500868e-02
-5.099615818060023592e-02
-5.092867738969723140e-02
-5.086153400274874559e-02
-5.079472633273500459e-02
-5.072825270107132745e-02
-5.066211143756597229e-02
-5.059630088037814222e-02
-5.053081937597625473e-02
-5.046566527909637084e-02
-5.040083695270088787e-02
-5.033633276793738481e-02
-5.027215110409769677e-02
-5.020829034857721140e-02
-5.014474889683432496e-02
-5.008152515235015506e-02
-5.001861752658840615e-02
-4.995602443895546391e-02
-6.500000000000000222e-02
-6.500000000000000222e-02
-6.500000000000000222e-02
-6.500000000000000222e-02
-6.500000000000000222e-02
-6.500000000000000222e-02
-6.500000000000000222e-02
-6.500000000000000222e-02
-6.500000000000000222e-02
-6.500000000000000222e-02
-6.500000000000000222e-02
-6.500000000000000222e-02
-6.500000000000000222e-02
-6.500000000000000222e-02
-6.500000000000000222e-02
-6.500000000000000222e-02
-6.500000000000000222e-02
-6.500000000000000222e-02
-6.500000000000000222e-02
-6.500000000000000222e-02
-6.486250000000000349e-02
-6.472568750000000370e-02
-6.458955906250000989e-02
-6.445411126718751660e-02
-6.431934071085157467e-02
-6.418524400729731794e-02
-6.405181778726083686e-02
-6.391905869832453790e-02
-6.378696340483291927e-02
-6.365552858780874901e-02
-6.352475094486970120e-02
-6.339462719014535286e-02
-6.326515405419462501e-02
-6.313632828392365393e-02
-6.300814664250403707e-02
-6.288060590929152316e-02
-6.275370287974506300e-02
-6.262743436534633223e-02
-6.250179719351960095e-02
-6.237678820755200582e-02
-6.225240426651424547e-02
-6.212864224518167139e-02
-6.200549903395576046e-02
-6.188297153878598300e-02
-6.176105668109205249e-02
-6.163975139768659156e-02
-6.151905264069815887e-02
-6.139895737749467147e-02
-6.127946259060719492e-02
-6.116056527765415668e-02
-6.104226245126588568e-02
-6.092455113900955427e-02
-6.080742838331450878e-02
-6.069089124139793318e-02
-6.057493678519094288e-02
-6.045956210126499086e-02
-6.034476429075866927e-02
-6.023054046930487876e-02
-6.011688776695835179e-02
-6.000380332812355749e-02
-5.989128431148293963e-02
-5.977932788992552232e-02
-5.966793125047589741e-02
-5.955709159422351712e-02
-5.944680613625239612e-02
-5.933707210557113282e-02
-5.922788674504327749e-02
-5.911924731131806138e-02
-5.901115107476147259e-02
-5.890359531938766519e-02
-5.879657734279072900e-02
-5.869009445607677872e-02
-5.858414398379639676e-02
-5.847872326387741626e-02
-5.837382964755803011e-02
-5.826946049932024002e-02
-5.816561319682363868e-02
-5.806228513083951798e-02
-5.795947370518531733e-02
-5.785717633665939108e-02
-5.775539045497609519e-02
-5.765411350270121388e-02
-5.755334293518770544e-02
-5.745307622051176732e-02
-5.735331083940920643e-02
-5.725404428521216338e-02
-5.715527406378610037e-02
-5.705699769346717076e-02
-5.695921270499983147e-02
-5.686191664147483005e-02
-5.676510705826745551e-02
-5.666878152297611521e-02
-5.657293761536123788e-02
-5.647757292728443346e-02
-5.638268506264801361e-02
-5.628827163733477607e-02
-5.619433027914810114e-02
