-6.485499999999999599e-02
-6.471072499999999672e-02
-6.456717137499999593e-02
-6.442433551812500048e-02
-6.428221384053436904e-02
-6.414080277133170360e-02
-6.400009875747504628e-02
-6.386009826368767295e-02
-6.372079777236923370e-02
-6.358219378350739304e-02
-6.344428281458985852e-02
-6.330706140051690911e-02
-6.317052609351432590e-02
-6.303467346304675312e-02
-6.289950009573151701e-02
-6.276500259525286118e-02
-6.263117758227659815e-02
-6.249802169436521199e-02
-6.236553158589338425e-02
-6.223370392796391537e-02
-6.210253540832409713e-02
-6.197202273128247368e-02
-6.184216261762606054e-02
-6.171295180453793133e-02
-6.158438704551524173e-02
-6.145646511028766273e-02
-6.132918278473622337e-02
-6.120253687081254196e-02
-6.107652418645848069e-02
-6.095114156552618873e-02
-6.082638585769855472e-02
-6.070225392841006179e-02
-6.057874265876801029e-02
-6.045584894547417071e-02
-6.033356970074679748e-02
-6.021190185224306601e-02
-6.009084234298184973e-02
-5.997038813126694123e-02
-5.985053619061060648e-02
-5.973128350965755534e-02
-5.961262709210926602e-02
-5.949456395664871888e-02
-5.937709113686547718e-02
-5.926020568118114951e-02
-5.914390465277524073e-02
-5.902818512951136382e-02
-5.891304420386380553e-02
-5.879847898284448759e-02
-5.868448658793026795e-02
-5.857106415499061663e-02
-5.845820883421566638e-02
-5.834591779004458939e-02
-5.823418820109436955e-02
-5.812301726008890085e-02
-5.801240217378845349e-02
-5.790234016291950780e-02
-5.779282846210490737e-02
-5.768386431979437984e-02
-5.757544499819540473e-02
-5.746756777320442822e-02
-5.736022993433840395e-02
-5.725342878466670865e-02
-5.714716164074337690e-02
-5.704142583253966198e-02
-5.693621870337696456e-02
-5.683153760986008052e-02
-5.672737992181078187e-02
-5.662374302220173072e-02
-5.652062430709071938e-02
-5.641802118555526435e-02
-5.631593107962748479e-02
-5.621435142422934877e-02
-5.611327966710820403e-02
-5.601271326877266254e-02
-5.591264970242879745e-02
-5.581308645391665213e-02
-5.571402102164706854e-02
-5.561545091653883471e-02
-5.551737366195613754e-02
-5.541978679364635563e-02
-5.532268785967812269e-02
-5.522607442037973102e-02
-5.512994404827783329e-02
-5.503429432803644272e-02
-5.493912285639625942e-02
-5.484442724211428116e-02
-5.475020510590371259e-02
-5.465645408037419356e-02
-5.456317180997232591e-02
-5.447035595092246385e-02
-5.437800417116785134e-02
-5.428611415031200926e-02
-5.419468357956044868e-02
-5.410371016166264785e-02
-5.401319161085433446e-02
-5.392312565280005937e-02
-5.383351002453606177e-02
-5.374434247441338408e-02
-5.365562076204132003e-02
-5.356734265823111241e-02
-5.347950594493995624e-02
-5.339210841521525863e-02
-5.330514787313918312e-02
-5.321862213377348549e-02
-5.313252902310462017e-02
-5.304686637798909643e-02
-5.296163204609915381e-02
-5.287682388586865956e-02
-5.279243976643931829e-02
-5.270847756760712460e-02
-5.262493517976908619e-02
-5.254181050387023849e-02
-5.245910145135088826e-02
-5.237680594409413470e-02
-5.229492191437366128e-02
-5.221344730480179108e-02
-5.213238006827778520e-02
-5.205171816793639772e-02
-5.197145957709671527e-02
-5.189160227921123247e-02
-5.181214426781517723e-02
-5.173308354647609963e-02
-5.165441812874371763e-02
-5.157614603809999865e-02
-5.149826530790949791e-02
-5.142077398136995353e-02
-5.134367011146310361e-02
-5.126695176090578787e-02
-5.119061700210125743e-02
-5.111466391709074825e-02
-5.103909059750529748e-02
-5.096389514451776792e-02
-5.088907566879517785e-02
-5.081463029045120428e-02
-5.074055713899894987e-02
-5.066685435330395282e-02
-5.059352008153743252e-02
-5.052055248112974351e-02
-5.044794971872409300e-02
-5.037570997013047364e-02
-5.030383142027981813e-02
-5.023231226317841774e-02
-5.016115070186252800e-02
-5.009034494835321732e-02
-5.001989322361145157e-02
-4.994979375749339368e-02
-6.500000000000000222e-02
-6.500000000000000222e-02
-6.500000000000000222e-02
-6.500000000000000222e-02
-6.500000000000000222e-02
-6.500000000000000222e-02
-6.500000000000000222e-02
-6.500000000000000222e-02
-6.500000000000000222e-02
-6.500000000000000222e-02
-6.500000000000000222e-02
-6.500000000000000222e-02
-6.500000000000000222e-02
-6.500000000000000222e-02
-6.500000000000000222e-02
-6.500000000000000222e-02
-6.500000000000000222e-02
-6.500000000000000222e-02
-6.500000000000000222e-02
-6.500000000000000222e-02
-6.485499999999999599e-02
-6.471072499999999672e-02
-6.456717137499999593e-02
-6.442433551812500048e-02
-6.428221384053436904e-02
-6.414080277133170360e-02
-6.400009875747504628e-02
-6.386009826368767295e-02
-6.372079777236923370e-02
-6.358219378350739304e-02
-6.344428281458985852e-02
-6.330706140051690911e-02
-6.317052609351432590e-02
-6.303467346304675312e-02
-6.289950009573151701e-02
-6.276500259525286118e-02
-6.263117758227659815e-02
-6.249802169436521199e-02
-6.236553158589338425e-02
-6.223370392796391537e-02
-6.210253540832409713e-02
-6.197202273128247368e-02
-6.184216261762606054e-02
-6.171295180453793133e-02
-6.158438704551524173e-02
-6.145646511028766273e-02
-6.132918278473622337e-02
-6.120253687081254196e-02
-6.107652418645848069e-02
-6.095114156552618873e-02
-6.082638585769855472e-02
-6.070225392841006179e-02
-6.057874265876801029e-02
-6.045584894547417071e-02
-6.033356970074679748e-02
-6.021190185224306601e-02
-6.009084234298184973e-02
-5.997038813126694123e-02
-5.985053619061060648e-02
-5.973128350965755534e-02
-5.961262709210926602e-02
-5.949456395664871888e-02
-5.937709113686547718e-02
-5.926020568118114951e-02
-5.914390465277524073e-02
-5.902818512951136382e-02
-5.891304420386380553e-02
-5.879847898284448759e-02
-5.868448658793026795e-02
-5.857106415499061663e-02
-5.845820883421566638e-02
-5.834591779004458939e-02
-5.823418820109436955e-02
-5.812301726008890085e-02
-5.801240217378845349e-02
-5.790234016291950780e-02
-5.779282846210490737e-02
-5.768386431979437984e-02
-5.757544499819540473e-02
-5.746756777320442822e-02
-5.736022993433840395e-02
-5.725342878466670865e-02
-5.714716164074337690e-02
-5.704142583253966198e-02
-5.693621870337696456e-02
-5.683153760986008052e-02
-5.672737992181078187e-02
-5.662374302220173072e-02
-5.652062430709071938e-02
-5.641802118555526435e-02
-5.631593107962748479e-02
-5.621435142422934877e-02
-5.611327966710820403e-02
-5.601271326877266254e-02
-5.591264970242879745e-02
-5.581308645391665213e-02
-5.571402102164706854e-02
-5.561545091653883471e-02
-5.551737366195613754e-02
-5.541978679364635563e-02
-5.532268785967812269e-02
-5.522607442037973102e-02
-5.512994404827783329e-02
-5.503429432803644272e-02
-5.493912285639625942e-02
-5.484442724211428116e-02
-5.475020510590371259e-02
-5.465645408037419356e-02
-5.456317180997232591e-02
-5.447035595092246385e-02
-5.437800417116785134e-02
-5.428611415031200926e-02
-5.419468357956044868e-02
-5.410371016166264785e-02
-5.401319161085433446e-02
-5.392312565280005937e-02
-5.383351002453606177e-02
-5.374434247441338408e-02
-5.365562076204132003e-02
-5.356734265823111241e-02
-5.347950594493995624e-02
-5.339210841521525863e-02
-5.330514787313918312e-02
-5.321862213377348549e-02
-5.313252902310462017e-02
-5.304686637798909643e-02
-5.296163204609915381e-02
-5.287682388586865956e-02
-5.279243976643931829e-02
-5.270847756760712460e-02
-5.262493517976908619e-02
-5.254181050387023849e-02
-5.245910145135088826e-02
-5.237680594409413470e-02
-5.229492191437366128e-02
-5.221344730480179108e-02
-5.213238006827778520e-02
-5.205171816793639772e-02
-5.197145957709671527e-02
-5.189160227921123247e-02
-5.181214426781517723e-02
-5.173308354647609963e-02
-5.165441812874371763e-02
-5.157614603809999865e-02
-5.149826530790949791e-02
-5.142077398136995353e-02
-5.134367011146310361e-02
-5.126695176090578787e-02
-5.119061700210125743e-02
-5.111466391709074825e-02
-5.103909059750529748e-02
-5.096389514451776792e-02
-5.088907566879517785e-02
-5.081463029045120428e-02
-5.074055713899894987e-02
-5.066685435330395282e-02
-5.059352008153743252e-02
-5.052055248112974351e-02
-5.044794971872409300e-02
-5.037570997013047364e-02
-5.030383142027981813e-02
-5.023231226317841774e-02
-5.016115070186252800e-02
-5.009034494835321732e-02
-5.001989322361145157e-02
-4.994979375749339368e-02
-6.500000000000000222e-02
-6.500000000000000222e-02
-6.500000000000000222e-02
-6.500000000000000222e-02
-6.500000000000000222e-02
-6.500000000000000222e-02
-6.500000000000000222e-02
-6.500000000000000222e-02
-6.500000000000000222e-02
-6.500000000000000222e-02
-6.500000000000000222e-02
-6.500000000000000222e-02
-6.500000000000000222e-02
-6.500000000000000222e-02
-6.500000000000000222e-02
-6.500000000000000222e-02
-6.500000000000000222e-02
-6.500000000000000222e-02
-6.500000000000000222e-02
-6.500000000000000222e-02
-6.485499999999999599e-02
-6.471072499999999672e-02
-6.456717137499999593e-02
-6.442433551812500048e-02
-6.428221384053436904e-02
-6.414080277133170360e-02
-6.400009875747504628e-02
-6.386009826368767295e-02
-6.372079777236923370e-02
-6.358219378350739304e-02
-6.344428281458985852e-02
-6.330706140051690911e-02
-6.317052609351432590e-02
-6.303467346304675312e-02
-6.289950009573151701e-02
-6.276500259525286118e-02
-6.263117758227659815e-02
-6.249802169436521199e-02
-6.236553158589338425e-02
-6.223370392796391537e-02
-6.210253540832409713e-02
-6.197202273128247368e-02
-6.184216261762606054e-02
-6.171295180453793133e-02
-6.158438704551524173e-02
-6.145646511028766273e-02
-6.132918278473622337e-02
-6.120253687081254196e-02
-6.107652418645848069e-02
-6.095114156552618873e-02
-6.082638585769855472e-02
-6.070225392841006179e-02
-6.057874265876801029e-02
-6.045584894547417071e-02
-6.033356970074679748e-02
-6.021190185224306601e-02
-6.009084234298184973e-02
-5.997038813126694123e-02
-5.985053619061060648e-02
-5.973128350965755534e-02
-5.961262709210926602e-02
-5.949456395664871888e-02
-5.937709113686547718e-02
-5.926020568118114951e-02
-5.914390465277524073e-02
-5.902818512951136382e-02
-5.891304420386380553e-02
-5.879847898284448759e-02
-5.868448658793026795e-02
-5.857106415499061663e-02
-5.845820883421566638e-02
-5.834591779004458939e-02
-5.823418820109436955e-02
-5.812301726008890085e-02
-5.801240217378845349e-02
-5.790234016291950780e-02
-5.779282846210490737e-02
-5.768386431979437984e-02
-5.757544499819540473e-02
-5.746756777320442822e-02
-5.736022993433840395e-02
-5.725342878466670865e-02
-5.714716164074337690e-02
-5.704142583253966198e-02
-5.693621870337696456e-02
-5.683153760986008052e-02
-5.672737992181078187e-02
-5.662374302220173072e-02
-5.652062430709071938e-02
-5.641802118555526435e-02
-5.631593107962748479e-02
-5.621435142422934877e-02
-5.611327966710820403e-02
-5.601271326877266254e-02
-5.591264970242879745e-02
-5.581308645391665213e-02
-5.571402102164706854e-02
-5.561545091653883471e-02
-5.551737366195613754e-02
-5.541978679364635563e-02
-5.532268785967812269e-02
-5.522607442037973102e-02
-5.512994404827783329e-02
-5.503429432803644272e-02
-5.493912285639625942e-02
-5.484442724211428116e-02
-5.475020510590371259e-02
-5.465645408037419356e-02
-5.456317180997232591e-02
-5.447035595092246385e-02
-5.437800417116785134e-02
-5.428611415031200926e-02
-5.419468357956044868e-02
-5.410371016166264785e-02
-5.401319161085433446e-02
-5.392312565280005937e-02
-5.383351002453606177e-02
-5.374434247441338408e-02
-5.365562076204132003e-02
-5.356734265823111241e-02
-5.347950594493995624e-02
-5.339210841521525863e-02
-5.330514787313918312e-02
-5.321862213377348549e-02
-5.313252902310462017e-02
-5.304686637798909643e-02
-5.296163204609915381e-02
-5.287682388586865956e-02
-5.279243976643931829e-02
-5.270847756760712460e-02
-5.262493517976908619e-02
-5.254181050387023849e-02
-5.245910145135088826e-02
-5.237680594409413470e-02
-5.229492191437366128e-02
-5.221344730480179108e-02
-5.213238006827778520e-02
-5.205171816793639772e-02
-5.197145957709671527e-02
-5.189160227921123247e-02
-5.181214426781517723e-02
-5.173308354647609963e-02
-5.165441812874371763e-02
-5.157614603809999865e-02
-5.149826530790949791e-02
-5.142077398136995353e-02
-5.134367011146310361e-02
-5.126695176090578787e-02
-5.119061700210125743e-02
-5.111466391709074825e-02
-5.103909059750529748e-02
-5.096389514451776792e-02
-5.088907566879517785e-02
-5.081463029045120428e-02
-5.074055713899894987e-02
-5.066685435330395282e-02
-5.059352008153743252e-02
-5.052055248112974351e-02
-5.044794971872409300e-02
-5.037570997013047364e-02
-5.030383142027981813e-02
-5.023231226317841774e-02
-5.016115070186252800e-02
-5.009034494835321732e-02
-5.001989322361145157e-02
-4.994979375749339368e-02
-6.500000000000000222e-02
-6.500000000000000222e-02
-6.500000000000000222e-02
-6.500000000000000222e-02
-6.500000000000000222e-02
-6.500000000000000222e-02
-6.500000000000000222e-02
-6.500000000000000222e-02
-6.500000000000000222e-02
-6.500000000000000222e-02
-6.500000000000000222e-02
-6.500000000000000222e-02
-6.500000000000000222e-02
-6.500000000000000222e-02
-6.500000000000000222e-02
-6.500000000000000222e-02
-6.500000000000000222e-02
-6.500000000000000222e-02
-6.500000000000000222e-02
-6.500000000000000222e-02
-6.485499999999999599e-02
-6.471072499999999672e-02
-6.456717137499999593e-02
-6.442433551812500048e-02
-6.428221384053436904e-02
-6.414080277133170360e-02
-6.400009875747504628e-02
-6.386009826368767295e-02
-6.372079777236923370e-02
-6.358219378350739304e-02
-6.344428281458985852e-02
-6.330706140051690911e-02
-6.317052609351432590e-02
-6.303467346304675312e-02
-6.289950009573151701e-02
-6.276500259525286118e-02
-6.263117758227659815e-02
-6.249802169436521199e-02
-6.236553158589338425e-02
-6.223370392796391537e-02
-6.210253540832409713e-02
-6.197202273128247368e-02
-6.184216261762606054e-02
-6.171295180453793133e-02
-6.158438704551524173e-02
-6.145646511028766273e-02
-6.132918278473622337e-02
-6.120253687081254196e-02
-6.107652418645848069e-02
-6.095114156552618873e-02
-6.082638585769855472e-02
-6.070225392841006179e-02
-6.057874265876801029e-02
-6.045584894547417071e-02
-6.033356970074679748e-02
-6.021190185224306601e-02
-6.009084234298184973e-02
-5.997038813126694123e-02
-5.985053619061060648e-02
-5.973128350965755534e-02
-5.961262709210926602e-02
-5.949456395664871888e-02
-5.937709113686547718e-02
-5.926020568118114951e-02
-5.914390465277524073e-02
-5.902818512951136382e-02
-5.891304420386380553e-02
-5.879847898284448759e-02
-5.868448658793026795e-02
-5.857106415499061663e-02
-5.845820883421566638e-02
-5.834591779004458939e-02
-5.823418820109436955e-02
-5.812301726008890085e-02
-5.801240217378845349e-02
-5.790234016291950780e-02
-5.779282846210490737e-02
-5.768386431979437984e-02
-5.757544499819540473e-02
-5.746756777320442822e-02
-5.736022993433840395e-02
-5.725342878466670865e-02
-5.714716164074337690e-02
-5.704142583253966198e-02
-5.693621870337696456e-02
-5.683153760986008052e-02
-5.672737992181078187e-02
-5.662374302220173072e-02
-5.652062430709071938e-02
-5.641802118555526435e-02
-5.631593107962748479e-02
-5.621435142422934877e-02
-5.611327966710820403e-02
-5.601271326877266254e-02
-5.591264970242879745e-02
-5.581308645391665213e-02
-5.571402102164706854e-02
-5.561545091653883471e-02
-5.551737366195613754e-02
-5.541978679364635563e-02
-5.532268785967812269e-02
-5.522607442037973102e-02
-5.512994404827783329e-02
-5.503429432803644272e-02
-5.493912285639625942e-02
-5.484442724211428116e-02
-5.475020510590371259e-02
-5.465645408037419356e-02
-5.456317180997232591e-02
-5.447035595092246385e-02
-5.437800417116785134e-02
-5.428611415031200926e-02
-5.419468357956044868e-02
-5.410371016166264785e-02
-5.401319161085433446e-02
-5.392312565280005937e-02
-5.383351002453606177e-02
-5.374434247441338408e-02
-5.365562076204132003e-02
-5.356734265823111241e-02
-5.347950594493995624e-02
-5.339210841521525863e-02
-5.330514787313918312e-02
-5.321862213377348549e-02
-5.313252902310462017e-02
-5.304686637798909643e-02
-5.296163204609915381e-02
-5.287682388586865956e-02
-5.279243976643931829e-02
-5.270847756760712460e-02
-5.262493517976908619e-02
-5.254181050387023849e-02
-5.245910145135088826e-02
-5.237680594409413470e-02
-5.229492191437366128e-02
-5.221344730480179108e-02
-5.213238006827778520e-02
-5.205171816793639772e-02
-5.197145957709671527e-02
-5.189160227921123247e-02
-5.181214426781517723e-02
-5.173308354647609963e-02
-5.165441812874371763e-02
-5.157614603809999865e-02
-5.149826530790949791e-02
-5.142077398136995353e-02
-5.134367011146310361e-02
-5.126695176090578787e-02
-5.119061700210125743e-02
-5.111466391709074825e-02
-5.103909059750529748e-02
-5.096389514451776792e-02
-5.088907566879517785e-02
-5.081463029045120428e-02
-5.074055713899894987e-02
-5.066685435330395282e-02
-5.059352008153743252e-02
-5.052055248112974351e-02
-5.044794971872409300e-02
-5.037570997013047364e-02
-5.030383142027981813e-02
-5.023231226317841774e-02
-5.016115070186252800e-02
-5.009034494835321732e-02
-5.001989322361145157e-02
-4.994979375749339368e-02
-6.500000000000000222e-02
-6.500000000000000222e-02
-6.500000000000000222e-02
-6.500000000000000222e-02
-6.500000000000000222e-02
-6.500000000000000222e-02
-6.500000000000000222e-02
-6.500000000000000222e-02
-6.500000000000000222e-02
-6.500000000000000222e-02
-6.500000000000000222e-02
-6.500000000000000222e-02
-6.500000000000000222e-02
-6.500000000000000222e-02
-6.500000000000000222e-02
-6.500000000000000222e-02
-6.500000000000000222e-02
-6.500000000000000222e-02
-6.500000000000000222e-02
-6.500000000000000222e-02
-6.485499999999999599e-02
-6.471072499999999672e-02
-6.456717137499999593e-02
-6.442433551812500048e-02
-6.428221384053436904e-02
-6.414080277133170360e-02
-6.400009875747504628e-02
-6.386009826368767295e-02
-6.372079777236923370e-02
-6.358219378350739304e-02
-6.344428281458985852e-02
-6.330706140051690911e-02
-6.317052609351432590e-02
-6.303467346304675312e-02
-6.289950009573151701e-02
-6.276500259525286118e-02
-6.263117758227659815e-02
-6.249802169436521199e-02
-6.236553158589338425e-02
-6.223370392796391537e-02
-6.210253540832409713e-02
-6.197202273128247368e-02
-6.184216261762606054e-02
-6.171295180453793133e-02
-6.158438704551524173e-02
-6.145646511028766273e-02
-6.132918278473622337e-02
-6.120253687081254196e-02
-6.107652418645848069e-02
-6.095114156552618873e-02
-6.082638585769855472e-02
-6.070225392841006179e-02
-6.057874265876801029e-02
-6.045584894547417071e-02
-6.033356970074679748e-02
-6.021190185224306601e-02
-6.009084234298184973e-02
-5.997038813126694123e-02
-5.985053619061060648e-02
-5.973128350965755534e-02
-5.961262709210926602e-02
-5.949456395664871888e-02
-5.937709113686547718e-02
-5.926020568118114951e-02
-5.914390465277524073e-02
-5.902818512951136382e-02
-5.891304420386380553e-02
-5.879847898284448759e-02
-5.868448658793026795e-02
-5.857106415499061663e-02
-5.845820883421566638e-02
-5.834591779004458939e-02
-5.823418820109436955e-02
-5.812301726008890085e-02
-5.801240217378845349e-02
-5.790234016291950780e-02
-5.779282846210490737e-02
-5.768386431979437984e-02
-5.757544499819540473e-02
-5.746756777320442822e-02
-5.736022993433840395e-02
-5.725342878466670865e-02
-5.714716164074337690e-02
-5.704142583253966198e-02
-5.693621870337696456e-02
-5.683153760986008052e-02
-5.672737992181078187e-02
-5.662374302220173072e-02
-5.652062430709071938e-02
-5.641802118555526435e-02
-5.631593107962748479e-02
-5.621435142422934877e-02
-5.611327966710820403e-02
-5.601271326877266254e-02
-5.591264970242879745e-02
-5.581308645391665213e-02
-5.571402102164706854e-02
-5.561545091653883471e-02
-5.551737366195613754e-02
-5.541978679364635563e-02
-5.532268785967812269e-02
-5.522607442037973102e-02
-5.512994404827783329e-02
-5.503429432803644272e-02
-5.493912285639625942e-02
-5.484442724211428116e-02
-5.475020510590371259e-02
-5.465645408037419356e-02
-5.456317180997232591e-02
-5.447035595092246385e-02
-5.437800417116785134e-02
-5.428611415031200926e-02
-5.419468357956044868e-02
-5.410371016166264785e-02
-5.401319161085433446e-02
-5.392312565280005937e-02
-5.383351002453606177e-02
-5.374434247441338408e-02
-5.365562076204132003e-02
-5.356734265823111241e-02
-5.347950594493995624e-02
-5.339210841521525863e-02
-5.330514787313918312e-02
-5.321862213377348549e-02
-5.313252902310462017e-02
-5.304686637798909643e-02
-5.296163204609915381e-02
-5.287682388586865956e-02
-5.279243976643931829e-02
-5.270847756760712460e-02
-5.262493517976908619e-02
-5.254181050387023849e-02
-5.245910145135088826e-02
-5.237680594409413470e-02
-5.229492191437366128e-02
-5.221344730480179108e-02
-5.213238006827778520e-02
-5.205171816793639772e-02
-5.197145957709671527e-02
-5.189160227921123247e-02
-5.181214426781517723e-02
-5.173308354647609963e-02
-5.165441812874371763e-02
-5.157614603809999865e-02
-5.149826530790949791e-02
-5.142077398136995353e-02
-5.134367011146310361e-02
-5.126695176090578787e-02
-5.119061700210125743e-02
-5.111466391709074825e-02
-5.103909059750529748e-02
-5.096389514451776792e-02
-5.088907566879517785e-02
-5.081463029045120428e-02
-5.074055713899894987e-02
-5.066685435330395282e-02
-5.059352008153743252e-02
-5.052055248112974351e-02
-5.044794971872409300e-02
-5.037570997013047364e-02
-5.030383142027981813e-02
-5.023231226317841774e-02
-5.016115070186252800e-02
-5.009034494835321732e-02
-5.001989322361145157e-02
-4.994979375749339368e-02
-6.500000000000000222e-02
-6.500000000000000222e-02
-6.500000000000000222e-02
-6.500000000000000222e-02
-6.500000000000000222e-02
-6.500000000000000222e-02
-6.500000000000000222e-02
-6.500000000000000222e-02
-6.500000000000000222e-02
-6.500000000000000222e-02
-6.500000000000000222e-02
-6.500000000000000222e-02
-6.500000000000000222e-02
-6.500000000000000222e-02
-6.500000000000000222e-02
-6.500000000000000222e-02
-6.500000000000000222e-02
-6.500000000000000222e-02
-6.500000000000000222e-02
-6.500000000000000222e-02
-6.485499999999999599e-02
-6.471072499999999672e-02
-6.456717137499999593e-02
-6.442433551812500048e-02
-6.428221384053436904e-02
-6.414080277133170360e-02
-6.400009875747504628e-02
-6.386009826368767295e-02
-6.372079777236923370e-02
-6.358219378350739304e-02
-6.344428281458985852e-02
-6.330706140051690911e-02
-6.317052609351432590e-02
-6.303467346304675312e-02
-6.289950009573151701e-02
-6.276500259525286118e-02
-6.263117758227659815e-02
-6.249802169436521199e-02
-6.236553158589338425e-02
-6.223370392796391537e-02
-6.210253540832409713e-02
-6.197202273128247368e-02
-6.184216261762606054e-02
-6.171295180453793133e-02
-6.158438704551524173e-02
-6.145646511028766273e-02
-6.132918278473622337e-02
-6.120253687081254196e-02
-6.107652418645848069e-02
-6.095114156552618873e-02
-6.082638585769855472e-02
-6.070225392841006179e-02
-6.057874265876801029e-02
-6.045584894547417071e-02
-6.033356970074679748e-02
-6.021190185224306601e-02
-6.009084234298184973e-02
-5.997038813126694123e-02
-5.985053619061060648e-02
-5.973128350965755534e-02
-5.961262709210926602e-02
-5.949456395664871888e-02
-5.937709113686547718e-02
-5.926020568118114951e-02
-5.914390465277524073e-02
-5.902818512951136382e-02
-5.891304420386380553e-02
-5.879847898284448759e-02
-5.868448658793026795e-02
-5.857106415499061663e-02
-5.845820883421566638e-02
-5.834591779004458939e-02
-5.823418820109436955e-02
-5.812301726008890085e-02
-5.801240217378845349e-02
-5.790234016291950780e-02
-5.779282846210490737e-02
-5.768386431979437984e-02
-5.757544499819540473e-02
-5.746756777320442822e-02
-5.736022993433840395e-02
-5.725342878466670865e-02
-5.714716164074337690e-02
-5.704142583253966198e-02
-5.693621870337696456e-02
-5.683153760986008052e-02
-5.672737992181078187e-02
-5.662374302220173072e-02
-5.652062430709071938e-02
-5.641802118555526435e-02
-5.631593107962748479e-02
-5.621435142422934877e-02
-5.611327966710820403e-02
-5.601271326877266254e-02
-5.591264970242879745e-02
-5.581308645391665213e-02
-5.571402102164706854e-02
-5.561545091653883471e-02
-5.551737366195613754e-02
-5.541978679364635563e-02
-5.532268785967812269e-02
-5.522607442037973102e-02
-5.512994404827783329e-02
-5.503429432803644272e-02
-5.493912285639625942e-02
-5.484442724211428116e-02
-5.475020510590371259e-02
-5.465645408037419356e-02
-5.456317180997232591e-02
-5.447035595092246385e-02
-5.437800417116785134e-02
-5.428611415031200926e-02
-5.419468357956044868e-02
-5.410371016166264785e-02
-5.401319161085433446e-02
-5.392312565280005937e-02
-5.383351002453606177e-02
-5.374434247441338408e-02
-5.365562076204132003e-02
-5.356734265823111241e-02
-5.347950594493995624e-02
-5.339210841521525863e-02
-5.330514787313918312e-02
-5.321862213377348549e-02
-5.313252902310462017e-02
-5.304686637798909643e-02
-5.296163204609915381e-02
-5.287682388586865956e-02
-5.279243976643931829e-02
-5.270847756760712460e-02
-5.262493517976908619e-02
-5.254181050387023849e-02
-5.245910145135088826e-02
-5.237680594409413470e-02
-5.229492191437366128e-02
-5.221344730480179108e-02
-5.213238006827778520e-02
-5.205171816793639772e-02
-5.197145957709671527e-02
-5.189160227921123247e-02
-5.181214426781517723e-02
-5.173308354647609963e-02
-5.165441812874371763e-02
-5.157614603809999865e-02
-5.149826530790949791e-02
-5.142077398136995353e-02
-5.134367011146310361e-02
-5.126695176090578787e-02
-5.119061700210125743e-02
-5.111466391709074825e-02
-5.103909059750529748e-02
-5.096389514451776792e-02
-5.088907566879517785e-02
-5.081463029045120428e-02
-5.074055713899894987e-02
-5.066685435330395282e-02
-5.059352008153743252e-02
-5.052055248112974351e-02
-5.044794971872409300e-02
-5.037570997013047364e-02
-5.030383142027981813e-02
-5.023231226317841774e-02
-5.016115070186252800e-02
-5.009034494835321732e-02
-5.001989322361145157e-02
-4.994979375749339368e-02
-6.500000000000000222e-02
-6.500000000000000222e-02
-6.500000000000000222e-02
-6.500000000000000222e-02
-6.500000000000000222e-02
-6.500000000000000222e-02
-6.500000000000000222e-02
-6.500000000000000222e-02
-6.500000000000000222e-02
-6.500000000000000222e-02
-6.500000000000000222e-02
-6.500000000000000222e-02
-6.500000000000000222e-02
-6.500000000000000222e-02
-6.500000000000000222e-02
-6.500000000000000222e-02
-6.500000000000000222e-02
-6.500000000000000222e-02
-6.500000000000000222e-02
-6.500000000000000222e-02
-6.485499999999999599e-02
-6.471072499999999672e-02
-6.456717137499999593e-02
-6.442433551812500048e-02
-6.428221384053436904e-02
-6.414080277133170360e-02
-6.400009875747504628e-02
-6.386009826368767295e-02
-6.372079777236923370e-02
-6.358219378350739304e-02
-6.344428281458985852e-02
-6.330706140051690911e-02
-6.317052609351432590e-02
-6.303467346304675312e-02
-6.289950009573151701e-02
-6.276500259525286118e-02
-6.263117758227659815e-02
-6.249802169436521199e-02
-6.236553158589338425e-02
-6.223370392796391537e-02
-6.210253540832409713e-02
-6.197202273128247368e-02
-6.184216261762606054e-02
-6.171295180453793133e-02
-6.158438704551524173e-02
-6.145646511028766273e-02
-6.132918278473622337e-02
-6.120253687081254196e-02
-6.107652418645848069e-02
-6.095114156552618873e-02
-6.082638585769855472e-02
-6.070225392841006179e-02
-6.057874265876801029e-02
-6.045584894547417071e-02
-6.033356970074679748e-02
-6.021190185224306601e-02
-6.009084234298184973e-02
-5.997038813126694123e-02
-5.985053619061060648e-02
-5.973128350965755534e-02
-5.961262709210926602e-02
-5.949456395664871888e-02
-5.937709113686547718e-02
-5.926020568118114951e-02
-5.914390465277524073e-02
-5.902818512951136382e-02
-5.891304420386380553e-02
-5.879847898284448759e-02
-5.868448658793026795e-02
-5.857106415499061663e-02
-5.845820883421566638e-02
-5.834591779004458939e-02
-5.823418820109436955e-02
-5.812301726008890085e-02
-5.801240217378845349e-02
-5.790234016291950780e-02
-5.779282846210490737e-02
-5.768386431979437984e-02
-5.757544499819540473e-02
-5.746756777320442822e-02
-5.736022993433840395e-02
-5.725342878466670865e-02
-5.714716164074337690e-02
-5.704142583253966198e-02
-5.693621870337696456e-02
-5.683153760986008052e-02
-5.672737992181078187e-02
-5.662374302220173072e-02
-5.652062430709071938e-02
-5.641802118555526435e-02
-5.631593107962748479e-02
-5.621435142422934877e-02
-5.611327966710820403e-02
-5.601271326877266254e-02
-5.591264970242879745e-02
-5.581308645391665213e-02
-5.571402102164706854e-02
-5.561545091653883471e-02
-5.551737366195613754e-02
-5.541978679364635563e-02
-5.532268785967812269e-02
-5.522607442037973102e-02
-5.512994404827783329e-02
-5.503429432803644272e-02
-5.493912285639625942e-02
-5.484442724211428116e-02
-5.475020510590371259e-02
-5.465645408037419356e-02
-5.456317180997232591e-02
-5.447035595092246385e-02
-5.437800417116785134e-02
-5.428611415031200926e-02
-5.419468357956044868e-02
-5.410371016166264785e-02
-5.401319161085433446e-02
-5.392312565280005937e-02
-5.383351002453606177e-02
-5.374434247441338408e-02
-5.365562076204132003e-02
-5.356734265823111241e-02
-5.347950594493995624e-02
-5.339210841521525863e-02
-5.330514787313918312e-02
-5.321862213377348549e-02
-5.313252902310462017e-02
-5.304686637798909643e-02
-5.296163204609915381e-02
-5.287682388586865956e-02
-5.279243976643931829e-02
-5.270847756760712460e-02
-5.262493517976908619e-02
-5.254181050387023849e-02
-5.245910145135088826e-02
-5.237680594409413470e-02
-5.229492191437366128e-02
-5.221344730480179108e-02
-5.213238006827778520e-02
-5.205171816793639772e-02
-5.197145957709671527e-02
-5.189160227921123247e-02
-5.181214426781517723e-02
-5.173308354647609963e-02
-5.165441812874371763e-02
-5.157614603809999865e-02
-5.149826530790949791e-02
-5.142077398136995353e-02
-5.134367011146310361e-02
-5.126695176090578787e-02
-5.119061700210125743e-02
-5.111466391709074825e-02
-5.103909059750529748e-02
-5.096389514451776792e-02
-5.088907566879517785e-02
-5.081463029045120428e-02
-5.074055713899894987e-02
-5.066685435330395282e-02
-5.059352008153743252e-02
-5.052055248112974351e-02
-5.044794971872409300e-02
-5.037570997013047364e-02
-5.030383142027981813e-02
-5.023231226317841774e-02
-5.016115070186252800e-02
-5.009034494835321732e-02
-5.001989322361145157e-02
-4.994979375749339368e-02
-6.500000000000000222e-02
-6.500000000000000222e-02
-6.500000000000000222e-02
-6.500000000000000222e-02
-6.500000000000000222e-02
-6.500000000000000222e-02
-6.500000000000000222e-02
-6.500000000000000222e-02
-6.500000000000000222e-02
-6.500000000000000222e-02
-6.500000000000000222e-02
-6.500000000000000222e-02
-6.500000000000000222e-02
-6.500000000000000222e-02
-6.500000000000000222e-02
-6.500000000000000222e-02
-6.500000000000000222e-02
-6.500000000000000222e-02
-6.500000000000000222e-02
-6.500000000000000222e-02
-6.485499999999999599e-02
-6.471072499999999672e-02
-6.456717137499999593e-02
-6.442433551812500048e-02
-6.428221384053436904e-02
-6.414080277133170360e-02
-6.400009875747504628e-02
-6.386009826368767295e-02
-6.372079777236923370e-02
-6.358219378350739304e-02
-6.344428281458985852e-02
-6.330706140051690911e-02
-6.317052609351432590e-02
-6.303467346304675312e-02
-6.289950009573151701e-02
-6.276500259525286118e-02
-6.263117758227659815e-02
-6.249802169436521199e-02
-6.236553158589338425e-02
-6.223370392796391537e-02
-6.210253540832409713e-02
-6.197202273128247368e-02
-6.184216261762606054e-02
-6.171295180453793133e-02
-6.158438704551524173e-02
-6.145646511028766273e-02
-6.132918278473622337e-02
-6.120253687081254196e-02
-6.107652418645848069e-02
-6.095114156552618873e-02
-6.082638585769855472e-02
-6.070225392841006179e-02
-6.057874265876801029e-02
-6.045584894547417071e-02
-6.033356970074679748e-02
-6.021190185224306601e-02
-6.009084234298184973e-02
-5.997038813126694123e-02
-5.985053619061060648e-02
-5.973128350965755534e-02
-5.961262709210926602e-02
-5.949456395664871888e-02
-5.937709113686547718e-02
-5.926020568118114951e-02
-5.914390465277524073e-02
-5.902818512951136382e-02
-5.891304420386380553e-02
-5.879847898284448759e-02
-5.868448658793026795e-02
-5.857106415499061663e-02
-5.845820883421566638e-02
-5.834591779004458939e-02
-5.823418820109436955e-02
-5.812301726008890085e-02
-5.801240217378845349e-02
-5.790234016291950780e-02
-5.779282846210490737e-02
-5.768386431979437984e-02
-5.757544499819540473e-02
-5.746756777320442822e-02
-5.736022993433840395e-02
-5.725342878466670865e-02
-5.714716164074337690e-02
-5.704142583253966198e-02
-5.693621870337696456e-02
-5.683153760986008052e-02
-5.672737992181078187e-02
-5.662374302220173072e-02
-5.652062430709071938e-02
-5.641802118555526435e-02
-5.631593107962748479e-02
-5.621435142422934877e-02
-5.611327966710820403e-02
-5.601271326877266254e-02
-5.591264970242879745e-02
-5.581308645391665213e-02
-5.571402102164706854e-02
-5.561545091653883471e-02
-5.551737366195613754e-02
-5.541978679364635563e-02
-5.532268785967812269e-02
-5.522607442037973102e-02
-5.512994404827783329e-02
-5.503429432803644272e-02
-5.493912285639625942e-02
-5.484442724211428116e-02
-5.475020510590371259e-02
-5.465645408037419356e-02
-5.456317180997232591e-02
-5.447035595092246385e-02
-5.437800417116785134e-02
-5.428611415031200926e-02
-5.419468357956044868e-02
-5.410371016166264785e-02
-5.401319161085433446e-02
-5.392312565280005937e-02
-5.383351002453606177e-02
-5.374434247441338408e-02
-5.365562076204132003e-02
-5.356734265823111241e-02
-5.347950594493995624e-02
-5.339210841521525863e-02
-5.330514787313918312e-02
-5.321862213377348549e-02
-5.313252902310462017e-02
-5.304686637798909643e-02
-5.296163204609915381e-02
-5.287682388586865956e-02
-5.279243976643931829e-02
-5.270847756760712460e-02
-5.262493517976908619e-02
-5.254181050387023849e-02
-5.245910145135088826e-02
-5.237680594409413470e-02
-5.229492191437366128e-02
-5.221344730480179108e-02
-5.213238006827778520e-02
-5.205171816793639772e-02
-5.197145957709671527e-02
-5.189160227921123247e-02
-5.181214426781517723e-02
-5.173308354647609963e-02
-5.165441812874371763e-02
-5.157614603809999865e-02
-5.149826530790949791e-02
-5.142077398136995353e-02
-5.134367011146310361e-02
-5.126695176090578787e-02
-5.119061700210125743e-02
-5.111466391709074825e-02
-5.103909059750529748e-02
-5.096389514451776792e-02
-5.088907566879517785e-02
-5.081463029045120428e-02
-5.074055713899894987e-02
-5.066685435330395282e-02
-5.059352008153743252e-02
-5.052055248112974351e-02
-5.044794971872409300e-02
-5.037570997013047364e-02
-5.030383142027981813e-02
-5.023231226317841774e-02
-5.016115070186252800e-02
-5.009034494835321732e-02
-5.001989322361145157e-02
-4.994979375749339368e-02
-6.500000000000000222e-02
-6.500000000000000222e-02
-6.500000000000000222e-02
-6.500000000000000222e-02
-6.500000000000000222e-02
-6.500000000000000222e-02
-6.500000000000000222e-02
-6.500000000000000222e-02
-6.500000000000000222e-02
-6.500000000000000222e-02
-6.500000000000000222e-02
-6.500000000000000222e-02
-6.500000000000000222e-02
-6.500000000000000222e-02
-6.500000000000000222e-02
-6.500000000000000222e-02
-6.500000000000000222e-02
-6.500000000000000222e-02
-6.500000000000000222e-02
-6.500000000000000222e-02
-6.485499999999999599e-02
-6.471072499999999672e-02
-6.456717137499999593e-02
-6.442433551812500048e-02
-6.428221384053436904e-02
-6.414080277133170360e-02
-6.400009875747504628e-02
-6.386009826368767295e-02
-6.372079777236923370e-02
-6.358219378350739304e-02
-6.344428281458985852e-02
-6.330706140051690911e-02
-6.317052609351432590e-02
-6.303467346304675312e-02
-6.289950009573151701e-02
-6.276500259525286118e-02
-6.263117758227659815e-02
-6.249802169436521199e-02
-6.236553158589338425e-02
-6.223370392796391537e-02
-6.210253540832409713e-02
-6.197202273128247368e-02
-6.184216261762606054e-02
-6.171295180453793133e-02
-6.158438704551524173e-02
-6.145646511028766273e-02
-6.132918278473622337e-02
-6.120253687081254196e-02
-6.107652418645848069e-02
-6.095114156552618873e-02
-6.082638585769855472e-02
-6.070225392841006179e-02
-6.057874265876801029e-02
-6.045584894547417071e-02
-6.033356970074679748e-02
-6.021190185224306601e-02
-6.009084234298184973e-02
-5.997038813126694123e-02
-5.985053619061060648e-02
-5.973128350965755534e-02
-5.961262709210926602e-02
-5.949456395664871888e-02
-5.937709113686547718e-02
-5.926020568118114951e-02
-5.914390465277524073e-02
-5.902818512951136382e-02
-5.891304420386380553e-02
-5.879847898284448759e-02
-5.868448658793026795e-02
-5.857106415499061663e-02
-5.845820883421566638e-02
-5.834591779004458939e-02
-5.823418820109436955e-02
-5.812301726008890085e-02
-5.801240217378845349e-02
-5.790234016291950780e-02
-5.779282846210490737e-02
-5.768386431979437984e-02
-5.757544499819540473e-02
-5.746756777320442822e-02
-5.736022993433840395e-02
-5.725342878466670865e-02
-5.714716164074337690e-02
-5.704142583253966198e-02
-5.693621870337696456e-02
-5.683153760986008052e-02
-5.672737992181078187e-02
-5.662374302220173072e-02
-5.652062430709071938e-02
-5.641802118555526435e-02
-5.631593107962748479e-02
-5.621435142422934877e-02
-5.611327966710820403e-02
-5.601271326877266254e-02
-5.591264970242879745e-02
-5.581308645391665213e-02
-5.571402102164706854e-02
-5.561545091653883471e-02
-5.551737366195613754e-02
-5.541978679364635563e-02
-5.532268785967812269e-02
-5.522607442037973102e-02
-5.512994404827783329e-02
-5.503429432803644272e-02
-5.493912285639625942e-02
-5.484442724211428116e-02
-5.475020510590371259e-02
-5.465645408037419356e-02
-5.456317180997232591e-02
-5.447035595092246385e-02
-5.437800417116785134e-02
-5.428611415031200926e-02
-5.419468357956044868e-02
-5.410371016166264785e-02
-5.401319161085433446e-02
-5.392312565280005937e-02
-5.383351002453606177e-02
-5.374434247441338408e-02
-5.365562076204132003e-02
-5.356734265823111241e-02
-5.347950594493995624e-02
-5.339210841521525863e-02
-5.330514787313918312e-02
-5.321862213377348549e-02
-5.313252902310462017e-02
-5.304686637798909643e-02
-5.296163204609915381e-02
-5.287682388586865956e-02
-5.279243976643931829e-02
-5.270847756760712460e-02
-5.262493517976908619e-02
-5.254181050387023849e-02
-5.245910145135088826e-02
-5.237680594409413470e-02
-5.229492191437366128e-02
-5.221344730480179108e-02
-5.213238006827778520e-02
-5.205171816793639772e-02
-5.197145957709671527e-02
-5.189160227921123247e-02
-5.181214426781517723e-02
-5.173308354647609963e-02
-5.165441812874371763e-02
-5.157614603809999865e-02
-5.149826530790949791e-02
-5.142077398136995353e-02
-5.134367011146310361e-02
-5.126695176090578787e-02
-5.119061700210125743e-02
-5.111466391709074825e-02
-5.103909059750529748e-02
-5.096389514451776792e-02
-5.088907566879517785e-02
-5.081463029045120428e-02
-5.074055713899894987e-02
-5.066685435330395282e-02
-5.059352008153743252e-02
-5.052055248112974351e-02
-5.044794971872409300e-02
-5.037570997013047364e-02
-5.030383142027981813e-02
-5.023231226317841774e-02
-5.016115070186252800e-02
-5.009034494835321732e-02
-5.001989322361145157e-02
-4.994979375749339368e-02
-6.500000000000000222e-02
-6.500000000000000222e-02
-6.500000000000000222e-02
-6.500000000000000222e-02
-6.500000000000000222e-02
-6.500000000000000222e-02
-6.500000000000000222e-02
-6.500000000000000222e-02
-6.500000000000000222e-02
-6.500000000000000222e-02
-6.500000000000000222e-02
-6.500000000000000222e-02
-6.500000000000000222e-02
-6.500000000000000222e-02
-6.500000000000000222e-02
-6.500000000000000222e-02
-6.500000000000000222e-02
-6.500000000000000222e-02
-6.500000000000000222e-02
-6.500000000000000222e-02
-6.485499999999999599e-02
-6.471072499999999672e-02
-6.456717137499999593e-02
-6.442433551812500048e-02
-6.428221384053436904e-02
-6.414080277133170360e-02
-6.400009875747504628e-02
