-6.497500000000000497e-02
-6.495012500000001132e-02
-6.492537437500001118e-02
-6.490074750312500862e-02
-6.487624376560938155e-02
-6.485186254678133866e-02
-6.482760323404743175e-02
-6.480346521787719305e-02
-6.477944789178780027e-02
-6.475555065232886653e-02
-6.473177289906721643e-02
-6.470811403457188415e-02
-6.468457346439902833e-02
-6.466115059707702728e-02
-6.463784484409164366e-02
-6.461465561987118911e-02
-6.459158234177182767e-02
-6.456862443006296248e-02
-6.454578130791265023e-02
-6.452305240137308495e-02
-6.450043713936622070e-02
-6.447793495366939409e-02
-6.445554527890104413e-02
-6.443326755250654292e-02
-6.441110121474401262e-02
-6.438904570867029498e-02
-6.436710048012694863e-02
-6.434526497772631581e-02
-6.432353865283768624e-02
-6.430192095957350251e-02
-6.428041135477563506e-02
-6.425900929800175410e-02
-6.423771425151174330e-02
-6.421652568025418284e-02
-6.419544305185291566e-02
-6.417446583659365544e-02
-6.415359350741069167e-02
-6.413282553987363632e-02
-6.411216141217426778e-02
-6.409160060511340240e-02
-6.407114260208783552e-02
-6.405078688907739348e-02
-6.403053295463201344e-02
-6.401038028985885087e-02
-6.399032838840955362e-02
-6.397037674646750827e-02
-6.395052486273516967e-02
-6.393077223842148771e-02
-6.391111837722937561e-02
-6.389156278534323385e-02
-6.387210497141651566e-02
-6.385274444655943127e-02
-6.383348072432663833e-02
-6.381431332070500173e-02
-6.379524175410147824e-02
-6.377626554533097347e-02
-6.375738421760432373e-02
-6.373859729651630557e-02
-6.371990431003372868e-02
-6.370130478848355648e-02
-6.368279826454113779e-02
-6.366438427321843840e-02
-6.364606235185234218e-02
-6.362783204009307692e-02
-6.360969287989261256e-02
-6.359164441549314262e-02
-6.357368619341567662e-02
-6.355581776244860481e-02
-6.353803867363636004e-02
-6.352034848026817671e-02
-6.350274673786683588e-02
-6.348523300417750759e-02
-6.346780683915662080e-02
-6.345046780496084449e-02
-6.343321546593604088e-02
-6.341604938860635754e-02
-6.339896914166331943e-02
-6.338197429595500421e-02
-6.336506442447523146e-02
-6.334823910235284905e-02
-6.333149790684108882e-02
-6.331484041730688073e-02
-6.329826621522034735e-02
-6.328177488414424290e-02
-6.326536600972351709e-02
-6.324903917967489297e-02
-6.323279398377651406e-02
-6.321663001385763314e-02
-6.320054686378834274e-02
-6.318454412946940268e-02
-6.316862140882205379e-02
-6.315277830177794260e-02
-6.313701441026904615e-02
-6.312132933821770764e-02
-6.310572269152661673e-02
-6.309019407806898405e-02
-6.307474310767863246e-02
-6.305936939214024095e-02
-6.304407254517953307e-02
-6.302885218245363186e-02
-6.301370792154135925e-02
-6.299863938193364654e-02
-6.298364618502397261e-02
-6.296872795409885759e-02
-6.295388431432835663e-02
-6.293911489275672011e-02
-6.292441931829294288e-02
-6.290979722170148003e-02
-6.289524823559297650e-02
-6.288077199441501064e-02
-6.286636813444293481e-02
-6.285203629377071610e-02
-6.283777611230186022e-02
-6.282358723174034931e-02
-6.280946929558164915e-02
-6.279542194910374409e-02
-6.278144483935822751e-02
-6.276753761516143393e-02
-6.275369992708562661e-02
-6.273993142745019902e-02
-6.272623177031294572e-02
-6.271260061146137488e-02
-6.269903760840406237e-02
-6.268554242036204760e-02
-6.267211470826024311e-02
-6.265875413471894140e-02
-6.264546036404534946e-02
-6.263223306222512332e-02
-6.261907189691399978e-02
-6.260597653742942803e-02
-6.259294665474228470e-02
-6.257998192146857486e-02
-6.256708201186123031e-02
-6.255424660180192165e-02
-6.254147536879291203e-02
-6.252876799194895252e-02
-6.251612415198920525e-02
-6.250354353122926365e-02
-6.249102581357311725e-02
-6.247857068450524826e-02
-6.246617783108272121e-02
-6.245384694192730735e-02
-6.244157770721767142e-02
-6.242936981868158625e-02
-6.241722296958817501e-02
-6.240513685474023686e-02
-6.239311117046653782e-02
-6.238114561461420571e-02
-6.236923988654113210e-02
-6.235739368710842973e-02
-6.234560671867288989e-02
-6.233387868507952317e-02
-6.232220929165412787e-02
-6.231059824519585844e-02
-6.229904525396987719e-02
-6.228755002770002686e-02
-6.227611227756152390e-02
-6.226473171617371433e-02
-6.225340805759284335e-02
-6.224214101730488058e-02
-6.223093031221835908e-02
-6.221977566065726994e-02
-6.220867678235398462e-02
-6.219763339844221195e-02
-6.218664523145000372e-02
-6.217571200529275338e-02
-6.216483344526629179e-02
-6.215400927803996223e-02
-6.214323923164976476e-02
-6.213252303549151451e-02
-6.212186042031405536e-02
-6.211125111821248768e-02
-6.210069486262142363e-02
-6.209019138830831896e-02
-6.207974043136677694e-02
-6.206934172920994253e-02
-6.205899502056388961e-02
-6.204870004546107071e-02
-6.203845654523376663e-02
-6.202826426250759861e-02
-6.201812294119506130e-02
-6.200803232648908342e-02
-6.199799216485663705e-02
-6.198800220403235389e-02
-6.197806219301219000e-02
-6.196817188204713223e-02
-6.195833102263689773e-02
-6.194853936752371670e-02
-6.193879667068610123e-02
-6.192910268733266971e-02
-6.191945717389600590e-02
-6.190985988802652495e-02
-6.190031058858639496e-02
-6.189080903564346536e-02
-6.188135499046525101e-02
-6.187194821551292301e-02
-6.186258847443535519e-02
-6.185327553206317747e-02
-6.184400915440286389e-02
-6.183478910863084849e-02
-6.182561516308769656e-02
-6.181648708727225522e-02
-6.180740465183589410e-02
-6.179836762857671140e-02
-6.178937579043383005e-02
-6.178042891148165933e-02
-6.177152676692425348e-02
-6.176266913308962880e-02
-6.175385578742417780e-02
-6.174508650848705565e-02
-6.173636107594462213e-02
-6.172767927056489745e-02
-6.171904087421207358e-02
-6.171044566984101171e-02
-6.170189344149180910e-02
-6.169338397428435206e-02
-6.168491705441293133e-02
-6.167649246914086447e-02
-6.166811000679515986e-02
-6.165976945676118065e-02
-6.165147060947737817e-02
-6.164321325642999061e-02
-6.163499719014783884e-02
-6.162682220419710144e-02
-6.161868809317611745e-02
-6.161059465271023772e-02
-6.160254167944668319e-02
-6.159452897104945174e-02
-6.158655632619420423e-02
-6.157862354456323378e-02
-6.157073042684041431e-02
-6.156287677470621139e-02
-6.155506239083267939e-02
-6.154728707887851397e-02
-6.153955064348411857e-02
-6.153185289026669863e-02
-6.152419362581536266e-02
-6.151657265768628591e-02
-6.150898979439785308e-02
-6.150144484542586359e-02
-6.149393762119873680e-02
-6.148646793309274494e-02
-6.147903559342728086e-02
-6.147164041546014646e-02
-6.146428221338284814e-02
-6.145696080231593389e-02
-6.144967599830435112e-02
-6.144242761831283234e-02
-6.143521548022126688e-02
-6.142803940282016290e-02
-6.142089920580606072e-02
-6.141379470977702953e-02
-6.140672573622814323e-02
-6.139969210754700479e-02
-6.139269364700927073e-02
-6.138573017877422405e-02
-6.137880152788035421e-02
-6.137190752024095086e-02
-6.136504798263974630e-02
-6.135822274272655086e-02
-6.135143162901291608e-02
-6.134467447086785347e-02
-6.133795109851351152e-02
-6.133126134302094301e-02
-6.132460503630583759e-02
-6.131798201112430985e-02
-6.131139210106868742e-02
-6.130483514056334071e-02
-6.129831096486052650e-02
-6.129181941003622458e-02
-6.128536031298604386e-02
-6.127893351142111450e-02
-6.127253884386400784e-02
-6.126617614964469105e-02
-6.125984526889646786e-02
-6.125354604255198870e-02
-6.124727831233922615e-02
-6.124104192077752667e-02
-6.123483671117364163e-02
-6.122866252761777206e-02
-6.122251921497968291e-02
-6.121640661890478258e-02
-6.121032458581025792e-02
-6.120427296288120933e-02
-6.119825159806680653e-02
-6.119226034007647225e-02
-6.118629903837608658e-02
-6.118036754318420534e-02
-6.117446570546828527e-02
-6.116859337694094401e-02
-6.116275041005624080e-02
-6.115693665800595730e-02
-6.115115197471592684e-02
-6.114539621484234994e-02
-6.113966923376813745e-02
-6.113397088759929543e-02
-6.112830103316129610e-02
-6.112265952799549040e-02
-6.111704623035551370e-02
-6.111146099920373304e-02
-6.110590369420771523e-02
-6.110037417573667418e-02
-6.109487230485798753e-02
-6.108939794333369949e-02
-6.108395095361703053e-02
-6.107853119884894266e-02
-6.107313854285469773e-02
-6.106777285014042267e-02
-6.106243398588972332e-02
-6.105712181596027743e-02
-6.105183620688047624e-02
-6.104657702584607298e-02
-6.104134414071684528e-02
-6.103613742001326448e-02
-6.103095673291319967e-02
-6.102580194924863560e-02
-6.102067293950239057e-02
-6.101556957480487597e-02
-6.101049172693084888e-02
-6.100543926829619240e-02
-6.100041207195470994e-02
-6.099541001159493325e-02
-6.099043296153695837e-02
-6.098548079672927447e-02
-6.098055339274562753e-02
-6.097565062578189782e-02
-6.097077237265299127e-02
-6.096591851078972391e-02
-6.096108891823577569e-02
-6.095628347364459576e-02
-6.095150205627637013e-02
-6.094674454599498942e-02
-6.094201082326501651e-02
-6.093730076914868898e-02
-6.093261426530294234e-02
-6.092795119397642623e-02
-6.092331143800654158e-02
-6.091869488081650547e-02
-6.091410140641242282e-02
-6.090953089938035830e-02
-6.090498324488345661e-02
-6.090045832865904202e-02
-6.089595603701574572e-02
-6.089147625683066778e-02
-6.088701887554651138e-02
-6.088258378116877950e-02
-6.087817086226293695e-02
-6.087378000795162086e-02
-6.086941110791186521e-02
-6.086506405237230438e-02
-6.086073873211044621e-02
-6.085643503844989644e-02
-6.085215286325764555e-02
-6.084789209894135575e-02
-6.084365263844664778e-02
-6.083943437525441561e-02
-6.083523720337814106e-02
-6.083106101736125010e-02
-6.082690571227444137e-02
-6.082277118371307023e-02
-6.081865732779450501e-02
-6.081456404115553188e-02
-6.081049122094975279e-02
-6.080643876484500415e-02
-6.080240657102078256e-02
-6.079839453816567735e-02
-6.079440256547485183e-02
-6.079043055264747586e-02
-6.078647839988424173e-02
-6.078254600788481760e-02
-6.077863327784539110e-02
-6.077474011145616445e-02
-6.077086641089888414e-02
-6.076701207884439154e-02
-6.076317701845016656e-02
-6.075936113335791283e-02
-6.075556432769112225e-02
-6.075178650605266711e-02
-6.074802757352240623e-02
-6.074428743565479100e-02
-6.074056599847652005e-02
-6.073686316848413841e-02
-6.073317885264171989e-02
-6.072951295837850788e-02
-6.072586539358661856e-02
-6.072223606661868861e-02
-6.071862488628559235e-02
-6.071503176185416573e-02
-6.071145660304489572e-02
-6.070789932002967210e-02
-6.070435982342952536e-02
-6.070083802431237852e-02
-6.069733383419081973e-02
-6.069384716501986798e-02
-6.069037792919476648e-02
-6.068692603954879000e-02
-6.068349140935104524e-02
-6.068007395230429202e-02
-6.067667358254277138e-02
-6.067329021463005456e-02
-6.066992376355690580e-02
-6.066657414473912435e-02
-6.066324127401542810e-02
-6.065992506764535108e-02
-6.065662544230712716e-02
-6.065334231509559443e-02
-6.065007560352011357e-02
-6.064682522550251392e-02
-6.064359109937499798e-02
-6.064037314387812211e-02
-6.063717127815872882e-02
-6.063398542176793443e-02
-6.063081549465909603e-02
-6.062766141718579915e-02
-6.062452311009987327e-02
-6.062140049454937257e-02
-6.061829349207662615e-02
-6.061520202461623957e-02
-6.061212601449315895e-02
-6.060906538442069336e-02
-6.060602005749859272e-02
-6.060298995721109805e-02
-6.059997500742504012e-02
-6.059697513238791744e-02
-6.059399025672598110e-02
-6.059102030544235434e-02
-6.058806520391514516e-02
-6.058512487789557283e-02
-6.058219925350609436e-02
-6.057928825723856575e-02
-6.057639181595237537e-02
-6.057350985687261213e-02
-6.057064230758824747e-02
-6.056778909605030348e-02
-6.056495015057004883e-02
-6.056212539981720155e-02
-6.055931477281811803e-02
-6.055651819895403049e-02
-6.055373560795926369e-02
-6.055096692991946555e-02
-6.054821209526986547e-02
-6.054547103479351877e-02
-6.054274367961955117e-02
-6.054002996122145180e-02
-6.053732981141534547e-02
-6.053464316235827175e-02
-6.053196994654647806e-02
-6.052931009681374735e-02
-6.052666354632967732e-02
-6.052403022859802889e-02
-6.052141007745504009e-02
-6.051880302706776765e-02
-6.051620901193242863e-02
-6.051362796687276974e-02
-6.051105982703840896e-02
-6.050850452790321882e-02
-6.050596200526370261e-02
-6.050343219523738464e-02
-6.050091503426120038e-02
-6.049841045908989356e-02
-6.049591840679444110e-02
-6.049343881476047097e-02
-6.049097162068666628e-02
-6.048851676258323179e-02
-6.048607417877031878e-02
-6.048364380787646377e-02
-6.048122558883708283e-02
-6.047881946089289640e-02
-6.047642536358843052e-02
-6.047404323677049026e-02
-6.047167302058664012e-02
-6.046931465548370521e-02
-6.046696808220628633e-02
-6.046463324179525423e-02
-6.046231007558627857e-02
-6.045999852520834994e-02
-6.045769853258230880e-02
-6.045541003991939527e-02
-6.045313298971979887e-02
-6.045086732477120139e-02
-6.044861298814734746e-02
-6.044636992320660818e-02
-6.044413807359057256e-02
-6.044191738322261809e-02
-6.043970779630650214e-02
-6.043750925732496726e-02
-6.043532171103833950e-02
-6.043314510248314758e-02
-6.043097937697073513e-02
-6.042882448008587981e-02
-6.042668035768544721e-02
-6.042454695589701691e-02
-6.042242422111752942e-02
-6.042031210001194003e-02
-6.041821053951187959e-02
-6.041611948681432226e-02
-6.041403888938025324e-02
-6.041196869493335037e-02
-6.040990885145868655e-02
-6.040785930720139058e-02
-6.040582001066538420e-02
-6.040379091061205685e-02
-6.040177195605899579e-02
-6.039976309627870243e-02
-6.039776428079730863e-02
-6.039577545939332076e-02
-6.039379658209635682e-02
-6.039182759918587662e-02
-6.038986846118994667e-02
-6.038791911888399810e-02
-6.038597952328957769e-02
-6.038404962567312656e-02
-6.038212937754475901e-02
-6.038021873065703427e-02
-6.037831763700374915e-02
-6.037642604881873071e-02
-6.037454391857463576e-02
-6.037267119898176437e-02
-6.037080784298685249e-02
-6.036895380377192005e-02
-6.036710903475306367e-02
-6.036527348957929778e-02
-6.036344712213140284e-02
-6.036162988652074568e-02
-6.035982173708814152e-02
-6.035802262840270216e-02
-6.035623251526069100e-02
-6.035445135268438510e-02
-6.035267909592096497e-02
-6.035091570044136267e-02
-6.034916112193915855e-02
-6.034741531632946410e-02
-6.034567823974781864e-02
-6.034394984854907912e-02
-6.034223009930633069e-02
-6.034051894880979733e-02
-6.033881635406574545e-02
-6.033712227229541536e-02
-6.033543666093393876e-02
-6.033375947762927016e-02
-6.033209068024112526e-02
-6.033043022683991924e-02
-6.032877807570571904e-02
-6.032713418532718863e-02
-6.032549851440055511e-02
-6.032387102182855398e-02
-6.032225166671940919e-02
-6.032064040838581304e-02
-6.031903720634388538e-02
-6.031744202031216751e-02
-6.031585481021060902e-02
-6.031427553615955478e-02
-6.031270415847875960e-02
-6.031114063768636818e-02
-6.030958493449793678e-02
-6.030803700982544785e-02
-6.030649682477631779e-02
-6.030496434065243938e-02
-6.030343951894917565e-02
-6.030192232135443003e-02
-6.030041270974766110e-02
-6.029891064619892493e-02
-6.029741609296793148e-02
-6.029592901250309389e-02
-6.029444936744057792e-02
-6.029297712060337211e-02
-6.029151223500035794e-02
-6.029005467382535927e-02
-6.028860440045623326e-02
-6.028716137845395451e-02
-6.028572557156168521e-02
-6.028429694370388003e-02
-6.028287545898536326e-02
-6.028146108169043366e-02
-6.028005377628198325e-02
-6.027865350740057443e-02
-6.027726023986357262e-02
-6.027587393866425808e-02
-6.027449456897093771e-02
-6.027312209612608468e-02
-6.027175648564545712e-02
-6.027039770321723083e-02
-6.026904571470114574e-02
-6.026770048612763858e-02
-6.026636198369700326e-02
-6.026503017377851656e-02
-6.026370502290962633e-02
-6.026238649779507711e-02
-6.026107456530609835e-02
-6.025976919247956476e-02
-6.025847034651716366e-02
-6.025717799478457620e-02
-6.025589210481065161e-02
-6.025461264428659536e-02
-6.025333958106516424e-02
-6.025207288315984067e-02
-6.025081251874404159e-02
-6.024955845615032057e-02
-6.024831066386956979e-02
-6.024706911055022207e-02
-6.024583376499747372e-02
-6.024460459617248659e-02
-6.024338157319162473e-02
-6.024216466532566344e-02
-6.024095384199903286e-02
-6.023974907278904084e-02
-6.023855032742509580e-02
-6.023735757578797118e-02
-6.023617078790902829e-02
-6.023498993396948081e-02
-6.023381498429963149e-02
-6.023264590937813662e-02
-6.023148267983124277e-02
-6.023032526643208595e-02
-6.022917364009992836e-02
-6.022802777189942974e-02
-6.022688763303993276e-02
-6.022575319487473433e-02
-6.022462442890036405e-02
-6.022350130675586249e-02
-6.022238380022208043e-02
-6.022127188122097102e-02
-6.022016552181486820e-02
-6.021906469420579278e-02
-6.021796937073476547e-02
-6.021687952388109222e-02
-6.021579512626168418e-02
-6.021471615063037769e-02
-6.021364256987722652e-02
-6.021257435702784266e-02
-6.021151148524270247e-02
-6.021045392781648742e-02
-6.020940165817740414e-02
-6.020835464988651825e-02
-6.020731287663708825e-02
-6.020627631225389936e-02
-6.020524493069263211e-02
-6.020421870603916842e-02
-6.020319761250897406e-02
-6.020218162444643251e-02
-6.020117071632419964e-02
-6.020016486274257922e-02
-6.019916403842886371e-02
-6.019816821823671671e-02
-6.019717737714553457e-02
-6.019619149025980803e-02
-6.019521053280851158e-02
-6.019423448014447203e-02
-6.019326330774375095e-02
-6.019229699120503402e-02
-6.019133550624900658e-02
-6.019037882871776379e-02
-6.018942693457417226e-02
-6.018847979990130104e-02
-6.018753740090179716e-02
-6.018659971389728885e-02
-6.018566671532780271e-02
-6.018473838175116691e-02
-6.018381468984241450e-02
-6.018289561639320051e-02
-6.018198113831123297e-02
-6.018107123261967617e-02
-6.018016587645657473e-02
-6.017926504707429153e-02
-6.017836872183891794e-02
-6.017747687822972563e-02
-6.017658949383857675e-02
-6.017570654636938271e-02
-6.017482801363753520e-02
-6.017395387356934411e-02
-6.017308410420149634e-02
-6.017221868368048676e-02
-6.017135759026208397e-02
-6.017050080231077513e-02
-6.016964829829921785e-02
-6.016880005680771970e-02
-6.016795605652368317e-02
-6.016711627624106440e-02
-6.016628069485985969e-02
-6.016544929138555736e-02
-6.016462204492863119e-02
-6.016379893470398532e-02
-6.016297994003046851e-02
-6.016216504033031903e-02
-6.016135421512866510e-02
-6.016054744405302523e-02
-6.015974470683276010e-02
-6.015894598329859372e-02
-6.015815125338210001e-02
-6.015736049711518929e-02
-6.015657369462961562e-02
-6.015579082615647027e-02
-6.015501187202568906e-02
-6.015423681266555966e-02
-6.015346562860222901e-02
-6.015269830045921751e-02
-6.015193480895691946e-02
-6.015117513491213819e-02
-6.015041925923757943e-02
-6.014966716294139343e-02
-6.014891882712668919e-02
-6.014817423299105570e-02
-6.014743336182609701e-02
-6.014669619501696735e-02
-6.014596271404188538e-02
-6.014523290047167625e-02
-6.014450673596932057e-02
-6.014378420228947558e-02
-6.014306528127803114e-02
-6.014234995487163782e-02
-6.014163820509727670e-02
-6.014093001407178757e-02
-6.014022536400143171e-02
-6.013952423718142704e-02
-6.013882661599551788e-02
-6.013813248291553781e-02
-6.013744182050095866e-02
-6.013675461139845330e-02
-6.013607083834145856e-02
-6.013539048414975191e-02
-6.013471353172900047e-02
-6.013403996407035851e-02
-6.013336976425000951e-02
-6.013270291542875678e-02
-6.013203940085161403e-02
-6.013137920384735435e-02
-6.013072230782811473e-02
-6.013006869628897272e-02
-6.012941835280753017e-02
-6.012877126104348990e-02
-6.012812740473827411e-02
-6.012748676771458023e-02
-6.012684933387600628e-02
-6.012621508720662755e-02
-6.012558401177059419e-02
-6.012495609171174260e-02
-6.012433131125318603e-02
-6.012370965469691908e-02
-6.012309110642343607e-02
-6.012247565089132162e-02
-6.012186327263686209e-02
-6.012125395627367780e-02
-6.012064768649230673e-02
-6.012004444805984366e-02
-6.011944422581954467e-02
-6.011884700469044551e-02
-6.011825276966699383e-02
-6.011766150581866058e-02
-6.011707319828956536e-02
-6.011648783229811555e-02
-6.011590539313662468e-02
-6.011532586617094470e-02
-6.011474923684009125e-02
-6.011417549065588978e-02
-6.011360461320260778e-02
-6.011303659013659401e-02
-6.011247140718591064e-02
-6.011190905014997948e-02
-6.011134950489922801e-02
-6.011079275737472860e-02
-6.011023879358785155e-02
-6.010968759961991120e-02
-6.010913916162181209e-02
-6.010859346581370194e-02
-6.010805049848463172e-02
-6.010751024599220865e-02
-6.010697269476224930e-02
-6.010643783128843953e-02
-6.010590564213199455e-02
-6.010537611392133273e-02
-6.010484923335172869e-02
-6.010432498718497329e-02
-6.010380336224904751e-02
-6.010328434543780324e-02
-6.010276792371061633e-02
-6.010225408409206049e-02
-6.010174281367160198e-02
-6.010123409960324570e-02
-6.010072792910522987e-02
-6.010022428945970691e-02
-6.009972316801241027e-02
-6.009922455217234921e-02
-6.009872842941148957e-02
-6.009823478726443458e-02
-6.009774361332811260e-02
-6.009725489526147185e-02
-6.009676862078516119e-02
-6.009628477768123866e-02
-6.009580335379283156e-02
-6.009532433702386572e-02
-6.009484771533874642e-02
-6.009437347676205299e-02
-6.009390160937824049e-02
-6.009343210133134827e-02
-6.009296494082469464e-02
-6.009250011612057157e-02
-6.009203761553996714e-02
-6.009157742746226716e-02
-6.009111954032495678e-02
-6.009066394262332911e-02
-6.009021062291021453e-02
-6.008975956979566158e-02
-6.008931077194668013e-02
-6.008886421808695005e-02
-6.008841989699651581e-02
-6.008797779751152979e-02
-6.008753790852397469e-02
-6.008710021898135828e-02
-6.008666471788644964e-02
-6.008623139429701554e-02
-6.008580023732552899e-02
-6.008537123613889863e-02
-6.008494437995820503e-02
-6.008451965805841621e-02
-6.008409705976812398e-02
-6.008367657446928023e-02
-6.008325819159693326e-02
-6.008284190063895025e-02
-6.008242769113575354e-02
-6.008201555268007782e-02
-6.008160547491667863e-02
-6.008119744754209651e-02
-6.008079146030438633e-02
-6.008038750300286751e-02
-6.007998556548785341e-02
-6.007958563766041538e-02
-6.007918770947211218e-02
-6.007879177092475403e-02
-6.007839781207013202e-02
-6.007800582300978215e-02
-6.007761579389473555e-02
-6.007722771492526176e-02
-6.007684157635063277e-02
-6.007645736846888018e-02
-6.007607508162653848e-02
-6.007569470621840907e-02
-6.007531623268731746e-02
-6.007493965152388427e-02
-6.007456495326626150e-02
-6.007419212849993140e-02
-6.007382116785742882e-02
-6.007345206201814003e-02
-6.007308480170804599e-02
-6.007271937769950720e-02
-6.007235578081100702e-02
-6.007199400190695038e-02
-6.007163403189741402e-02
-6.007127586173792444e-02
-6.007091948242923585e-02
-6.007056488501708730e-02
-6.007021206059200147e-02
-6.006986100028904180e-02
-6.006951169528759737e-02
-6.006916413681116090e-02
-6.006881831612710665e-02
-6.006847422454646840e-02
-6.006813185342373823e-02
-6.006779119415661672e-02
-6.006745223818583251e-02
-6.006711497699490643e-02
-6.006677940210992939e-02
-6.006644550509938202e-02
-6.006611327757388485e-02
-6.006578271118601792e-02
-6.006545379763008480e-02
-6.006512652864193225e-02
-6.006480089599872119e-02
-6.006447689151872549e-02
-6.006415450706113074e-02
-6.006383373452582608e-02
-6.006351456585319604e-02
-6.006319699302393317e-02
-6.006288100805881602e-02
-6.006256660301852179e-02
-6.006225377000343202e-02
-6.006194250115341748e-02
-6.006163278864765087e-02
-6.006132462470441247e-02
-6.006101800158088894e-02
-6.006071291157298597e-02
-6.006040934701512013e-02
-6.006010730028004535e-02
-6.005980676377864480e-02
-6.005950772995975045e-02
-6.005921019130994881e-02
-6.005891414035340048e-02
-6.005861956965163201e-02
-6.005832647180337630e-02
-6.005803483944435750e-02
-6.005774466524713834e-02
-6.005745594192090503e-02
-6.005716866221130074e-02
-6.005688281890024516e-02
-6.005659840480574718e-02
-6.005631541278171753e-02
-6.005603383571780918e-02
-6.005575366653922303e-02
-6.005547489820652757e-02
-6.005519752371549225e-02
-6.005492153609691408e-02
-6.005464692841643026e-02
-6.005437369377434470e-02
-6.005410182530547536e-02
-6.005383131617894610e-02
-6.005356215959805483e-02
-6.005329434880006534e-02
-6.005302787705606160e-02
-6.005276273767078121e-02
-6.005249892398242806e-02
-6.005223642936251272e-02
-6.005197524721569979e-02
-6.005171537097962059e-02
-6.005145679412472043e-02
-6.005119951015409907e-02
-6.005094351260333030e-02
-6.005068879504031620e-02
-6.005043535106511371e-02
-6.005018317430978886e-02
-6.004993225843824334e-02
-6.004968259714605489e-02
-6.004943418416032463e-02
-6.004918701323952446e-02
-6.004894107817332349e-02
-6.004869637278245631e-02
-6.004845289091854249e-02
-6.004821062646394786e-02
-6.004796957333162488e-02
-6.004772972546496695e-02
-6.004749107683764187e-02
-6.004725362145345302e-02
-6.004701735334618679e-02
-6.004678226657945289e-02
-6.004654835524655260e-02
-6.004631561347031909e-02
-6.004608403540296485e-02
-6.004585361522594977e-02
-6.004562434714982161e-02
-6.004539622541407023e-02
-6.004516924428700275e-02
-6.004494339806557002e-02
-6.004471868107524174e-02
-6.004449508766986771e-02
-6.004427261223151818e-02
-6.004405124917035902e-02
-6.004383099292450593e-02
-6.004361183795988571e-02
-6.004339377877008360e-02
-6.004317680987623224e-02
-6.004296092582685207e-02
-6.004274612119771953e-02
-6.004253239059172825e-02
-6.004231972863877109e-02
-6.004210812999558056e-02
-6.004189758934560389e-02
-6.004168810139887819e-02
-6.004147966089188465e-02
-6.004127226258742372e-02
-6.004106590127448323e-02
-6.004086057176811347e-02
-6.004065626890927460e-02
-6.004045298756472554e-02
-6.004025072262689916e-02
-6.004004946901376344e-02
-6.003984922166869659e-02
-6.003964997556035521e-02
-6.003945172568255634e-02
-6.003925446705414559e-02
-6.003905819471887229e-02
-6.003886290374527840e-02
-6.003866858922655286e-02
-6.003847524628042054e-02
-6.003828287004901731e-02
-6.003809145569877215e-02
-6.003790099842027522e-02
-6.003771149342817387e-02
-6.003752293596103379e-02
-6.003733532128122802e-02
-6.003714864467481899e-02
-6.003696290145144748e-02
-6.003677808694418694e-02
-6.003659419650946710e-02
-6.003641122552692139e-02
-6.003622916939928972e-02
-6.003604802355229364e-02
-6.003586778343453223e-02
-6.003568844451735720e-02
-6.003551000229476881e-02
-6.003533245228329790e-02
-6.003515579002188102e-02
-6.003498001107177018e-02
-6.003480511101640799e-02
-6.003463108546132354e-02
-6.003445793003401448e-02
-6.003428564038384291e-02
-6.003411421218192434e-02
-6.003394364112101672e-02
-6.003377392291540937e-02
-6.003360505330083280e-02
-6.003343702803432685e-02
-6.003326984289415746e-02
-6.003310349367968479e-02
-6.003293797621128691e-02
-6.003277328633022797e-02
-6.003260941989857491e-02
-6.003244637279907953e-02
-6.003228414093508131e-02
-6.003212272023040336e-02
-6.003196210662924831e-02
-6.003180229609610119e-02
-6.003164328461561838e-02
-6.003148506819253744e-02
-6.003132764285157297e-02
-6.003117100463731259e-02
-6.003101514961412671e-02
-6.003086007386605749e-02
-6.003070577349672865e-02
-6.003055224462924833e-02
-6.003039948340610499e-02
-6.003024748598907723e-02
-6.003009624855912968e-02
-6.002994576731633669e-02
-6.002979603847975743e-02
-6.002964705828735953e-02
-6.002949882299592199e-02
-6.002935132888094494e-02
-6.002920457223653861e-02
-6.002905854937535396e-02
-6.002891325662847860e-02
-6.002876869034533963e-02
-6.002862484689361344e-02
-6.002848172265914245e-02
-6.002833931404584489e-02
-6.002819761747561766e-02
-6.002805662938823922e-02
-6.002791634624130013e-02
-6.002777676451009209e-02
-6.002763788068753853e-02
-6.002749969128409746e-02
-6.002736219282767821e-02
-6.002722538186353735e-02
-6.002708925495421621e-02
-6.002695380867944380e-02
-6.002681903963604654e-02
-6.002668494443786501e-02
-6.002655151971567765e-02
-6.002641876211709665e-02
-6.002628666830651244e-02
-6.002615523496498268e-02
-6.002602445879015591e-02
-6.002589433649620221e-02
-6.002576486481372292e-02
-6.002563604048965357e-02
-6.002550786028720831e-02
-6.002538032098576892e-02
-6.002525341938084319e-02
-6.002512715228393997e-02
-6.002500151652252064e-02
-6.002487650893990889e-02
-6.002475212639520746e-02
-6.002462836576322874e-02
-6.002450522393441151e-02
-6.002438269781473767e-02
-6.002426078432566287e-02
-6.002413948040403319e-02
-6.002401878300201582e-02
-6.002389868908700882e-02
-6.002377919564157172e-02
-6.002366029966336308e-02
-6.002354199816504338e-02
-6.002342428817421943e-02
-6.002330716673334732e-02
-6.002319063089968376e-02
-6.002307467774518207e-02
-6.002295930435645743e-02
-6.002284450783467590e-02
-6.002273028529550580e-02
-6.002261663386902757e-02
-6.002250355069968513e-02
-6.002239103294618877e-02
-6.002227907778145966e-02
-6.002216768239255346e-02
-6.002205684398059099e-02
-6.002194655976068882e-02
-6.002183682696188294e-02
-6.002172764282707323e-02
-6.002161900461294025e-02
-6.002151090958987578e-02
-6.002140335504192736e-02
-6.002129633826671501e-02
-6.002118985657538264e-02
-6.002108390729250786e-02
-6.002097848775604649e-02
-6.002087359531726313e-02
-6.002076922734067566e-02
-6.002066538120397199e-02
-6.002056205429795455e-02
-6.002045924402646393e-02
-6.002035694780633035e-02
-6.002025516306729730e-02
-6.002015388725195910e-02
-6.002005311781569846e-02
-6.001995285222661708e-02
-6.001985308796548707e-02
-6.001975382252566077e-02
-6.001965505341302909e-02
-6.001955677814596601e-02
-6.001945899425523839e-02
-6.001936169928396431e-02
-6.001926489078754368e-02
-6.001916856633360275e-02
-6.001907272350193168e-02
-6.001897735988442201e-02
-6.001888247308499735e-02
-6.001878806071957173e-02
-6.001869412041597324e-02
-6.001860064981389548e-02
-6.001850764656482817e-02
-6.001841510833200166e-02
-6.001832303279033831e-02
-6.001823141762639008e-02
-6.001814026053825524e-02
-6.001804955923556451e-02
-6.001795931143938390e-02
-6.001786951488218697e-02
-6.001778016730777848e-02
-6.001769126647123892e-02
-6.001760281013888282e-02
-6.001751479608818940e-02
-6.001742722210774705e-02
-6.001734008599721171e-02
-6.001725338556722356e-02
-6.001716711863938625e-02
-6.001708128304619055e-02
-6.001699587663095886e-02
-6.001691089724780354e-02
-6.001682634276156447e-02
-6.001674221104775359e-02
-6.001665849999251318e-02
-6.001657520749255348e-02
-6.001649233145509021e-02
-6.001640986979781683e-02
-6.001632782044882819e-02
-6.001624618134658584e-02
-6.001616495043985561e-02
-6.001608412568765899e-02
-6.001600370505921767e-02
-6.001592368653391879e-02
-6.001584406810125255e-02
-6.001576484776074971e-02
-6.001568602352194692e-02
-6.001560759340433815e-02
-6.001552955543731915e-02
-6.001545190766013199e-02
-6.001537464812183031e-02
-6.001529777488122386e-02
-6.001522128600681599e-02
-6.001514517957678291e-02
-6.001506945367889728e-02
-6.001499410641050053e-02
-6.001491913587844729e-02
-6.001484454019905684e-02
-6.001477031749806457e-02
-6.001469646591057333e-02
-6.001462298358101882e-02
-6.001454986866311403e-02
-6.001447711931980067e-02
-6.001440473372320061e-02
-6.001433271005458120e-02
-6.001426104650430665e-02
-6.001418974127178257e-02
-6.001411879256542126e-02
-6.001404819860259310e-02
-6.001397795760957804e-02
-6.001390806782153087e-02
-6.001383852748242570e-02
-6.001376933484501436e-02
-6.001370048817079167e-02
-6.001363198572993995e-02
-6.001356382580128740e-02
-6.001349600667228029e-02
-6.001342852663892058e-02
-6.001336138400572423e-02
-6.001329457708569348e-02
-6.001322810420026826e-02
-6.001316196367926376e-02
-6.001309615386087037e-02
-6.001303067309156358e-02
-6.001296551972610388e-02
-6.001290069212747436e-02
-6.001283618866683905e-02
-6.001277200772350828e-02
-6.001270814768489004e-02
-6.001264460694646224e-02
-6.001258138391173114e-02
-6.001251847699217573e-02
-6.001245588460721314e-02
-6.001239360518417776e-02
-6.001233163715825880e-02
-6.001226997897246562e-02
-6.001220862907759995e-02
-6.001214758593221427e-02
-6.001208684800255627e-02
-6.001202641376254115e-02
-6.001196628169373076e-02
-6.001190645028526421e-02
-6.001184691803383708e-02
-6.001178768344366671e-02
-6.001172874502645055e-02
-6.001167010130131763e-02
-6.001161175079480770e-02
-6.001155369204083656e-02
-6.001149592358063362e-02
-6.001143844396272797e-02
-6.001138125174291377e-02
-6.001132434548420158e-02
-6.001126772375678375e-02
-6.001121138513799969e-02
-6.001115532821230808e-02
-6.001109955157124531e-02
-6.001104405381339074e-02
-6.001098883354432506e-02
-6.001093388937660256e-02
-6.001087921992971641e-02
-6.001082482383007094e-02
-6.001077069971091915e-02
-6.001071684621236274e-02
-6.001066326198130352e-02
-6.001060994567139484e-02
-6.001055689594303466e-02
-6.001050411146331698e-02
-6.001045159090599712e-02
-6.001039933295146400e-02
-6.001034733628670542e-02
-6.001029559960527338e-02
-6.001024412160724936e-02
-6.001019290099920966e-02
-6.001014193649421152e-02
-6.001009122681173757e-02
-6.001004077067768200e-02
-6.000999056682429500e-02
-6.000994061399017587e-02
-6.000989091092022443e-02
-6.000984145636562017e-02
-6.000979224908379456e-02
-6.000974328783837547e-02
-6.000969457139918029e-02
-6.000964609854218118e-02
-6.000959786804947044e-02
-6.000954987870922575e-02
-6.000950212931568245e-02
-6.000945461866910580e-02
-6.000940734557576317e-02
-6.000936030884788247e-02
-6.000931350730364516e-02
-6.000926693976712384e-02
-6.000922060506828914e-02
-6.000917450204294734e-02
-6.000912862953273336e-02
-6.000908298638506916e-02
-6.000903757145314293e-02
-6.000899238359587440e-02
-6.000894742167789397e-02
-6.000890268456950116e-02
-6.000885817114665066e-02
-6.000881388029091767e-02
-6.000876981088946321e-02
-6.000872596183501329e-02
-6.000868233202583807e-02
-6.000863892036571029e-02
-6.000859572576388440e-02
-6.000855274713506188e-02
-6.000850998339938430e-02
-6.000846743348238477e-02
-6.000842509631497401e-02
-6.000838297083339878e-02
-6.000834105597923490e-02
-6.000829935069933868e-02
-6.000825785394584000e-02
-6.000821656467610760e-02
-6.000817548185272826e-02
-6.000813460444346520e-02
-6.000809393142125109e-02
-6.000805346176414645e-02
-6.000801319445532578e-02
-6.000797312848304976e-02
-6.000793326284063756e-02
-6.000789359652643207e-02
-6.000785412854379997e-02
-6.000781485790108311e-02
-6.000777578361157771e-02
-6.000773690469352051e-02
-6.000769822017005400e-02
-6.000765972906920570e-02
-6.000762143042386032e-02
-6.000758332327173900e-02
-6.000754540665537845e-02
-6.000750767962210325e-02
-6.000747014122399109e-02
-6.000743279051787282e-02
-6.000739562656528386e-02
-6.000735864843245726e-02
-6.000732185519029593e-02
-6.000728524591434493e-02
-6.000724881968477059e-02
-6.000721257558634669e-02
-6.000717651270841280e-02
-6.000714063014486732e-02
-6.000710492699413978e-02
-6.000706940235916997e-02
-6.000703405534737328e-02
-6.000699888507063373e-02
-6.000696389064528319e-02
-6.000692907119205971e-02
-6.000689442583610061e-02
-6.000685995370692166e-02
-6.000682565393838930e-02
-6.000679152566869984e-02
-6.000675756804035865e-02
-6.000672378020015935e-02
-6.000669016129915601e-02
-6.000665671049266320e-02
-6.000662342694020046e-02
-6.000659030980549924e-02
-6.000655735825647513e-02
-6.000652457146519320e-02
-6.000649194860786795e-02
-6.000645948886482867e-02
-6.000642719142050552e-02
-6.000639505546340180e-02
-6.000636308018608700e-02
-6.000633126478515517e-02
-6.000629960846123184e-02
-6.000626811041892550e-02
-6.000623676986682753e-02
-6.000620558601749144e-02
-6.000617455808740508e-02
-6.000614368529696985e-02
-6.000611296687048679e-02
-6.000608240203613580e-02
-6.000605199002595480e-02
-6.000602173007582585e-02
-6.000599162142544740e-02
-6.000596166331832043e-02
-6.000593185500172760e-02
-6.000590219572671941e-02
-6.000587268474808639e-02
-6.000584332132434529e-02
-6.000581410471772514e-02
-6.000578503419413956e-02
-6.000575610902316587e-02
-6.000572732847805207e-02
-6.000569869183566135e-02
-6.000567019837648591e-02
-6.000564184738460538e-02
-6.000561363814767984e-02
-6.000558556995694293e-02
-6.000555764210716014e-02
-6.000552985389662197e-02
-6.000550220462713691e-02
-6.000547469360400371e-02
-6.000544732013598365e-02
-6.000542008353530049e-02
-6.000539298311762665e-02
-6.000536601820204152e-02
-6.000533918811103151e-02
-6.000531249217047614e-02
-6.000528592970962721e-02
-6.000525950006108111e-02
-6.000523320256077875e-02
-6.000520703654797783e-02
-6.000518100136523897e-02
-6.000515509635841183e-02
-6.000512932087662121e-02
-6.000510367427223934e-02
-6.000507815590087890e-02
-6.000505276512137220e-02
-6.000502750129576429e-02
-6.000500236378928515e-02
-6.000497735197033583e-02
-6.000495246521048154e-02
-6.000492770288443078e-02
-6.000490306437000765e-02
-6.000487854904815871e-02
-6.000485415630291836e-02
-6.000482988552140184e-02
-6.000480573609379142e-02
-6.000478170741332246e-02
-6.000475779887625566e-02
-6.000473400988187711e-02
-6.000471033983247049e-02
-6.000468678813331014e-02
-6.000466335419264025e-02
-6.000464003742167485e-02
-6.000461683723456313e-02
-6.000459375304838944e-02
-6.000457078428314550e-02
-6.000454793036173046e-02
-6.000452519070992308e-02
-6.000450256475637484e-02
-6.000448005193259604e-02
-6.000445765167293499e-02
-6.000443536341457107e-02
-6.000441318659750084e-02
-6.000439112066451031e-02
-6.000436916506118878e-02
-6.000434731923588033e-02
-6.000432558263969762e-02
-6.000430395472650114e-02
-6.000428243495287139e-02
-6.000426102277810897e-02
-6.000423971766422060e-02
-6.000421851907589837e-02
-6.000419742648051974e-02
-6.000417643934811973e-02
-6.000415555715137711e-02
-6.000413477936562129e-02
-6.000411410546879071e-02
-6.000409353494144671e-02
-6.000407306726673884e-02
-6.000405270193040486e-02
-6.000403243842074991e-02
-6.000401227622864653e-02
-6.000399221484749995e-02
-6.000397225377326199e-02
-6.000395239250439633e-02
-6.000393263054187160e-02
-6.000391296738916136e-02
-6.000389340255221637e-02
-6.000387393553945764e-02
-6.000385456586176253e-02
-6.000383529303245089e-02
-6.000381611656729203e-02
-6.000379703598445608e-02
-6.000377805080453486e-02
-6.000375916055051412e-02
-6.000374036474775963e-02
-6.000372166292402415e-02
-6.000370305460940579e-02
-6.000368453933636187e-02
-6.000366611663968119e-02
-6.000364778605648403e-02
-6.000362954712620128e-02
-6.000361139939056759e-02
-6.000359334239361436e-02
-6.000357537568164895e-02
-6.000355749880324080e-02
-6.000353971130922143e-02
-6.000352201275267749e-02
-6.000350440268891611e-02
-6.000348688067547176e-02
-6.000346944627209245e-02
-6.000345209904073274e-02
-6.000343483854552601e-02
-6.000341766435279833e-02
-6.000340057603103378e-02
-6.000338357315088134e-02
-6.000336665528512720e-02
-6.000334982200870165e-02
-6.000333307289865831e-02
-6.000331640753416712e-02
-6.000329982549649360e-02
-6.000328332636901268e-02
-6.000326690973716709e-02
-6.000325057518848121e-02
-6.000323432231254028e-02
-6.000321815070097653e-02
-6.000320205994746914e-02
-6.000318604964773039e-02
-6.000317011939949180e-02
-6.000315426880249714e-02
-6.000313849745848166e-02
-6.000312280497118594e-02
-6.000310719094632816e-02
-6.000309165499159714e-02
-6.000307619671663845e-02
-6.000306081573305444e-02
-6.000304551165439038e-02
-6.000303028409612049e-02
-6.000301513267564113e-02
-6.000300005701226375e-02
-6.000298505672720106e-02
-6.000297013144356706e-02
-6.000295528078634921e-02
-6.000294050438241544e-02
-6.000292580186050023e-02
-6.000291117285119769e-02
-6.000289661698694071e-02
-6.000288213390200798e-02
-6.000286772323249612e-02
-6.000285338461633367e-02
-6.000283911769325323e-02
-6.000282492210478463e-02
-6.000281079749426177e-02
-6.000279674350678799e-02
-6.000278275978925685e-02
-6.000276884599031052e-02
-6.000275500176036059e-02
-6.000274122675156030e-02
-6.000272752061780457e-02
-6.000271388301471609e-02
-6.000270031359964534e-02
