-6.496749999999999747e-02
-6.493516250000000434e-02
-6.490298668750001110e-02
-6.487097175406250638e-02
-6.483911689529218980e-02
-6.480742131081572432e-02
-6.477588420426164117e-02
-6.474450478324032809e-02
-6.471328225932412859e-02
-6.468221584802751056e-02
-6.465130476878737376e-02
-6.462054824494344041e-02
-6.458994550371872923e-02
-6.455949577620014035e-02
-6.452919829731913748e-02
-6.449905230583254101e-02
-6.446905704430337669e-02
-6.443921175908186305e-02
-6.440951570028645434e-02
-6.437996812178502226e-02
-6.435056828117609318e-02
-6.432131543977021026e-02
-6.429220886257136502e-02
-6.426324781825851207e-02
-6.423443157916722268e-02
-6.420575942127138003e-02
-6.417723062416502700e-02
-6.414884447104420018e-02
-6.412060024868898589e-02
-6.409249724744553456e-02
-6.406453476120831103e-02
-6.403671208740227550e-02
-6.400902852696525869e-02
-6.398148338433043425e-02
-6.395407596740877720e-02
-6.392680558757173059e-02
-6.389967155963387213e-02
-6.387267320183570574e-02
-6.384580983582652247e-02
-6.381908078664738637e-02
-6.379248538271414803e-02
-6.376602295580058311e-02
-6.373969284102158628e-02
-6.371349437681647632e-02
-6.368742690493239822e-02
-6.366148977040773926e-02
-6.363568232155569770e-02
-6.361000390994792086e-02
-6.358445389039818485e-02
-6.355903162094619918e-02
-6.353373646284146692e-02
-6.350856778052725582e-02
-6.348352494162462500e-02
-6.345860731691650714e-02
-6.343381428033192937e-02
-6.340914520893027595e-02
-6.338459948288562018e-02
-6.336017648547119518e-02
-6.333587560304383690e-02
-6.331169622502862138e-02
-6.328763774390347430e-02
-6.326369955518396093e-02
-6.323988105740803445e-02
-6.321618165212099238e-02
-6.319260074386039150e-02
-6.316913774014108751e-02
-6.314579205144038587e-02
-6.312256309118317865e-02
-6.309945027572726184e-02
-6.307645302434862489e-02
-6.305357075922687904e-02
-6.303080290543074116e-02
-6.300814889090358695e-02
-6.298560814644907357e-02
-6.296318010571683166e-02
-6.294086420518825442e-02
-6.291865988416231459e-02
-6.289656658474150619e-02
-6.287458375181780024e-02
-6.285271083305871143e-02
-6.283094727889342035e-02
-6.280929254249895122e-02
-6.278774607978646061e-02
-6.276630734938752620e-02
-6.274497581264058821e-02
-6.272375093357739073e-02
-6.270263217890950647e-02
-6.268161901801495850e-02
-6.266071092292488376e-02
-6.263990736831026584e-02
-6.261920783146870950e-02
-6.259861179231136774e-02
-6.257811873334981345e-02
-6.255772813968306367e-02
-6.253743949898464549e-02
-6.251725230148971746e-02
-6.249716603998226733e-02
-6.247718020978235837e-02
-6.245729430873344507e-02
-6.243750783718977904e-02
-6.241782029800382881e-02
-6.239823119651381061e-02
-6.237874004053124005e-02
-6.235934634032858082e-02
-6.234004960862693512e-02
-6.232084936058380348e-02
-6.230174511378088614e-02
-6.228273638821198166e-02
-6.226382270627092014e-02
-6.224500359273956590e-02
-6.222627857477586871e-02
-6.220764718190199133e-02
-6.218910894599247868e-02
-6.217066340126251728e-02
-6.215231008425620152e-02
-6.213404853383491799e-02
-6.211587829116574366e-02
-6.209779889970991340e-02
-6.207980990521136389e-02
-6.206191085568530524e-02
-6.204410130140687596e-02
-6.202638079489983941e-02
-6.200874889092534287e-02
-6.199120514647071811e-02
-6.197374912073836534e-02
-6.195638037513467172e-02
-6.193909847325899942e-02
-6.192190298089270128e-02
-6.190479346598824067e-02
-6.188776949865829741e-02
-6.187083065116500552e-02
-6.185397649790917718e-02
-6.183720661541963065e-02
-6.182052058234253217e-02
-6.180391797943082105e-02
-6.178739838953366953e-02
-6.177096139758599808e-02
-6.175460659059806706e-02
-6.173833355764507536e-02
-6.172214188985684913e-02
-6.170603118040756535e-02
-6.169000102450553080e-02
-6.167405101938300271e-02
-6.165818076428608574e-02
-6.164238986046465668e-02
-6.162667791116233085e-02
-6.161104452160651862e-02
-6.159548929899848896e-02
-6.158001185250349535e-02
-6.156461179324097810e-02
-6.154928873427477354e-02
-6.153404229060339958e-02
-6.151887207915038291e-02
-6.150377771875462779e-02
-6.148875883016085425e-02
-6.147381503601005021e-02
-6.145894596082999983e-02
-6.144415123102584669e-02
-6.142943047487071928e-02
-6.141478332249636352e-02
-6.140020940588387932e-02
-6.138570835885445720e-02
-6.137127981706018420e-02
-6.135692341797488458e-02
-6.134263880088500903e-02
-6.132842560688058636e-02
-6.131428347884618213e-02
-6.130021206145195439e-02
-6.128621100114469561e-02
-6.127227994613897166e-02
-6.125841854640827477e-02
-6.124462645367623193e-02
-6.123090332140784797e-02
-6.121724880480081121e-02
-6.120366256077680589e-02
-6.119014424797292184e-02
-6.117669352673305722e-02
-6.116331005909939056e-02
-6.114999350880389456e-02
-6.113674354125987753e-02
-6.112355982355358042e-02
-6.111044202443581541e-02
-6.109738981431363930e-02
-6.108440286524206841e-02
-6.107148085091585604e-02
-6.105862344666127678e-02
-6.104583032942797333e-02
-6.103310117778083105e-02
-6.102043567189192885e-02
-6.100783349353246926e-02
-6.099529432606480561e-02
-6.098281785443448316e-02
-6.097040376516230792e-02
-6.095805174633649876e-02
-6.094576148760481871e-02
-6.093353268016679647e-02
-6.092136501676596178e-02
-6.090925819168212935e-02
-6.089721190072371754e-02
-6.088522584122010167e-02
-6.087329971201400208e-02
-6.086143321345393459e-02
-6.084962604738666792e-02
-6.083787791714973664e-02
-6.082618852756398881e-02
-6.081455758492616825e-02
-6.080298479700153857e-02
-6.079146987301652788e-02
-6.078001252365144297e-02
-6.076861246103318348e-02
-6.075726939872801852e-02
-6.074598305173437712e-02
-6.073475313647570817e-02
-6.072357937079332635e-02
-6.071246147393936227e-02
-6.070139916656966395e-02
-6.069039217073681630e-02
-6.067944020988313286e-02
-6.066854300883371687e-02
-6.065770029378955014e-02
-6.064691179232060275e-02
-6.063617723335899823e-02
-6.062549634719220648e-02
-6.061486886545624370e-02
-6.060429452112896243e-02
-6.059377304852332086e-02
-6.058330418328070760e-02
-6.057288766236430116e-02
-6.056252322405247801e-02
-6.055221060793221366e-02
-6.054194955489255320e-02
-6.053173980711808871e-02
-6.052158110808249919e-02
-6.051147320254208345e-02
-6.050141583652937638e-02
-6.049140875734673045e-02
-6.048145171355999439e-02
-6.047154445499219183e-02
-6.046168673271722777e-02
-6.045187829905364352e-02
-6.044211890755837868e-02
-6.043240831302058857e-02
-6.042274627145548249e-02
-6.041313254009820360e-02
-6.040356687739771580e-02
-6.039404904301072519e-02
-6.038457879779567106e-02
-6.037515590380669595e-02
-6.036578012428766432e-02
-6.035645122366622289e-02
-6.034716896754788867e-02
-6.033793312271015091e-02
-6.032874345709660080e-02
-6.031959973981111667e-02
-6.031050174111206308e-02
-6.030144923240650379e-02
-6.029244198624447021e-02
-6.028347977631325072e-02
-6.027456237743168688e-02
-6.026568956554452516e-02
-6.025686111771680342e-02
-6.024807681212821647e-02
-6.023933642806757194e-02
-6.023063974592723219e-02
-6.022198654719759792e-02
-6.021337661446161255e-02
-6.020480973138930131e-02
-6.019628568273235197e-02
-6.018780425431868863e-02
-6.017936523304709406e-02
-6.017096840688185982e-02
-6.016261356484745026e-02
-6.015430049702321508e-02
-6.014602899453810186e-02
-6.013779884956541033e-02
-6.012960985531758118e-02
-6.012146180604099194e-02
-6.011335449701078748e-02
-6.010528772452573137e-02
-6.009726128590310579e-02
-6.008927497947359059e-02
-6.008132860457622570e-02
-6.007342196155334574e-02
-6.006555485174557701e-02
-6.005772707748684852e-02
-6.004993844209941672e-02
-6.004218874988891813e-02
-6.003447780613947043e-02
-6.002680541710877365e-02
-6.001917139002323209e-02
-6.001157553307311793e-02
-6.000401765540775562e-02
-5.999649756713072019e-02
-5.998901507929506327e-02
-5.998157000389858773e-02
-5.997416215387909449e-02
-5.996679134310969883e-02
-5.995945738639415351e-02
-5.995216009946218588e-02
-5.994489929896487657e-02
-5.993767480247005203e-02
-5.993048642845770491e-02
-5.992333399631541435e-02
-5.991621732633383574e-02
-5.990913623970216956e-02
-5.990209055850365810e-02
-5.989508010571113761e-02
-5.988810470518258350e-02
-5.988116418165666949e-02
-5.987425836074838914e-02
-5.986738706894464968e-02
-5.986055013359992821e-02
-5.985374738293192803e-02
-5.984697864601726952e-02
-5.984024375278718111e-02
-5.983354253402324574e-02
-5.982687482135312651e-02
-5.982024044724636169e-02
-5.981363924501013202e-02
-5.980707104878508346e-02
-5.980053569354115695e-02
-5.979403301507345281e-02
-5.978756284999808823e-02
-5.978112503574809639e-02
-5.977471941056935328e-02
-5.976834581351650466e-02
-5.976200408444892059e-02
-5.975569406402667788e-02
-5.974941559370654243e-02
-5.974316851573800713e-02
-5.973695267315931590e-02
-5.973076790979352235e-02
-5.972461407024455549e-02
-5.971849099989333387e-02
-5.971239854489386600e-02
-5.970633655216939922e-02
-5.970030486940855474e-02
-5.969430334506151126e-02
-5.968833182833620243e-02
-5.968239016919452133e-02
-5.967647821834854566e-02
-5.967059582725680461e-02
-5.966474284812051804e-02
-5.965891913387991879e-02
-5.965312453821051963e-02
-5.964735891551947028e-02
-5.964162212094187288e-02
-5.963591401033716682e-02
-5.963023444028547893e-02
-5.962458326808404985e-02
-5.961896035174363284e-02
-5.961336554998491327e-02
-5.960779872223499060e-02
-5.960225972862381871e-02
-5.959674842998070182e-02
-5.959126468783079722e-02
-5.958580836439164585e-02
-5.958037932256968899e-02
-5.957497742595684043e-02
-5.956960253882705864e-02
-5.956425452613292593e-02
-5.955893325350226225e-02
-5.955363858723475290e-02
-5.954837039429857620e-02
-5.954312854232708674e-02
-5.953791289961544997e-02
-5.953272333511737402e-02
-5.952755971844178595e-02
-5.952242191984957742e-02
-5.951730981025032952e-02
-5.951222326119907924e-02
-5.950716214489308598e-02
-5.950212633416861879e-02
-5.949711570249777842e-02
-5.949213012398529149e-02
-5.948716947336536720e-02
-5.948223362599854014e-02
-5.947732245786854777e-02
-5.947243584557920792e-02
-5.946757366635131020e-02
-5.946273579801955589e-02
-5.945792211902945629e-02
-5.945313250843430736e-02
-5.944836684589213660e-02
-5.944362501166267770e-02
-5.943890688660436600e-02
-5.943421235217134085e-02
-5.942954129041048278e-02
-5.942489358395842969e-02
-5.942026911603863482e-02
-5.941566777045843850e-02
-5.941108943160614692e-02
-5.940653398444811772e-02
-5.940200131452588045e-02
-5.939749130795324988e-02
-5.939300385141348115e-02
-5.938853883215641088e-02
-5.938409613799562614e-02
-5.937967565730564723e-02
-5.937527727901911745e-02
-5.937090089262402060e-02
-5.936654638816089846e-02
-5.936221365622009610e-02
-5.935790258793899321e-02
-5.935361307499929795e-02
-5.934934500962429915e-02
-5.934509828457618097e-02
-5.934087279315330282e-02
-5.933666842918753487e-02
-5.933248508704160040e-02
-5.932832266160639051e-02
-5.932418104829836197e-02
-5.932006014305687275e-02
-5.931595984234158681e-02
-5.931188004312987899e-02
-5.930782064291423294e-02
-5.930378153969965982e-02
-5.929976263200115866e-02
-5.929576381884115593e-02
-5.929178499974695205e-02
-5.928782607474821637e-02
-5.928388694437447537e-02
-5.927996750965260075e-02
-5.927606767210433919e-02
-5.927218733374381432e-02
-5.926832639707509814e-02
-5.926448476508971996e-02
-5.926066234126427246e-02
-5.925685902955794837e-02
-5.925307473441016048e-02
-5.924930936073811300e-02
-5.924556281393442148e-02
-5.924183499986474671e-02
-5.923812582486542161e-02
-5.923443519574109195e-02
-5.923076301976238495e-02
-5.922710920466357082e-02
-5.922347365864025215e-02
-5.921985629034705323e-02
-5.921625700889531635e-02
-5.921267572385083972e-02
-5.920911234523158762e-02
-5.920556678350542834e-02
-5.920203894958789986e-02
-5.919852875483996163e-02
-5.919503611106576024e-02
-5.919156093051042983e-02
-5.918810312585787853e-02
-5.918466261022858887e-02
-5.918123929717744591e-02
-5.917783310069155839e-02
-5.917444393518810075e-02
-5.917107171551216210e-02
-5.916771635693460207e-02
-5.916437777514992752e-02
-5.916105588627417616e-02
-5.915775060684280717e-02
-5.915446185380859173e-02
-5.915118954453955219e-02
-5.914793359681685264e-02
-5.914469392883276583e-02
-5.914147045918860535e-02
-5.913826310689266480e-02
-5.913507179135819858e-02
-5.913189643240140958e-02
-5.912873695023940224e-02
-5.912559326548820493e-02
-5.912246529916076465e-02
-5.911935297266496248e-02
-5.911625620780163598e-02
-5.911317492676262941e-02
-5.911010905212881611e-02
-5.910705850686816948e-02
-5.910402321433382705e-02
-5.910100309826215453e-02
-5.909799808277084454e-02
-5.909500809235698759e-02
-5.909203305189520555e-02
-5.908907288663572954e-02
-5.908612752220255421e-02
-5.908319688459154340e-02
-5.908028090016858441e-02
-5.907737949566774227e-02
-5.907449259818940701e-02
-5.907162013519846183e-02
-5.906876203452247204e-02
-5.906591822434986011e-02
-5.906308863322810854e-02
-5.906027319006196957e-02
-5.905747182411166113e-02
-5.905468446499110430e-02
-5.905191104266614699e-02
-5.904915148745281533e-02
-5.904640573001555121e-02
-5.904367370136547055e-02
-5.904095533285864256e-02
-5.903825055619434797e-02
-5.903555930341337910e-02
-5.903288150689631197e-02
-5.903021709936182720e-02
-5.902756601386501684e-02
-5.902492818379569128e-02
-5.902230354287671399e-02
-5.901969202516232915e-02
-5.901709356503651721e-02
-5.901450809721133645e-02
-5.901193555672527846e-02
-5.900937587894165143e-02
-5.900682899954694249e-02
-5.900429485454920797e-02
-5.900177338027646351e-02
-5.899926451337508121e-02
-5.899676819080820755e-02
-5.899428434985416747e-02
-5.899181292810489613e-02
-5.898935386346437076e-02
-5.898690709414704941e-02
-5.898447255867631661e-02
-5.898205019588293602e-02
-5.897963994490352385e-02
-5.897724174517900847e-02
-5.897485553645311074e-02
-5.897248125877084524e-02
-5.897011885247699370e-02
-5.896776825821460621e-02
-5.896542941692353018e-02
-5.896310226983891151e-02
-5.896078675848971662e-02
-5.895848282469726837e-02
-5.895619041057378190e-02
-5.895390945852091447e-02
-5.895163991122830821e-02
-5.894938171167216773e-02
-5.894713480311380982e-02
-5.894489912909824103e-02
-5.894267463345274904e-02
-5.894046126028548716e-02
-5.893825895398405873e-02
-5.893606765921413637e-02
-5.893388732091806720e-02
-5.893171788431347813e-02
-5.892955929489190892e-02
-5.892741149841745213e-02
-5.892527444092536537e-02
-5.892314806872073901e-02
-5.892103232837713617e-02
-5.891892716673525349e-02
-5.891683253090157502e-02
-5.891474836824706768e-02
-5.891267462640583513e-02
-5.891061125327380632e-02
-5.890855819700743790e-02
-5.890651540602240277e-02
-5.890448282899229254e-02
-5.890246041484733380e-02
-5.890044811277309750e-02
-5.889844587220922911e-02
-5.889645364284818579e-02
-5.889447137463394571e-02
-5.889249901776077295e-02
-5.889053652267196848e-02
-5.888858384005860730e-02
-5.888664092085831719e-02
-5.888470771625402278e-02
-5.888278417767275202e-02
-5.888087025678438724e-02
-5.887896590550046466e-02
-5.887707107597296013e-02
-5.887518572059309563e-02
-5.887330979199013187e-02
-5.887144324303018178e-02
-5.886958602681503089e-02
-5.886773809668095769e-02
-5.886589940619755407e-02
-5.886406990916656645e-02
-5.886224955962073707e-02
-5.886043831182263125e-02
-5.885863612026352026e-02
-5.885684293966220171e-02
-5.885505872496388929e-02
-5.885328343133906792e-02
-5.885151701418236958e-02
-5.884975942911145619e-02
-5.884801063196589549e-02
-5.884627057880606471e-02
-5.884453922591203340e-02
-5.884281652978247401e-02
-5.884110244713355864e-02
-5.883939693489789041e-02
-5.883769995022340021e-02
-5.883601145047228503e-02
-5.883433139321992550e-02
-5.883265973625382422e-02
-5.883099643757255803e-02
-5.882934145538469550e-02
-5.882769474810777000e-02
-5.882605627436723189e-02
-5.882442599299539387e-02
-5.882280386303041786e-02
-5.882118984371526721e-02
-5.881958389449669367e-02
-5.881798597502421039e-02
-5.881639604514909275e-02
-5.881481406492334446e-02
-5.881323999459872609e-02
-5.881167379462573508e-02
-5.881011542565260652e-02
-5.880856484852434174e-02
-5.880702202428172293e-02
-5.880548691416031398e-02
-5.880395947958950986e-02
-5.880243968219156514e-02
-5.880092748378060868e-02
-5.879942284636170691e-02
-5.879792573212989926e-02
-5.879643610346924759e-02
-5.879495392295189943e-02
-5.879347915333713731e-02
-5.879201175757044900e-02
-5.879055169878259768e-02
-5.878909894028868516e-02
-5.878765344558724293e-02
-5.878621517835930926e-02
-5.878478410246751329e-02
-5.878336018195517293e-02
-5.878194338104539979e-02
-5.878053366414016934e-02
-5.877913099581946743e-02
-5.877773534084036744e-02
-5.877634666413616288e-02
-5.877496493081547924e-02
-5.877359010616139967e-02
-5.877222215563059071e-02
-5.877086104485243490e-02
-5.876950673962817034e-02
-5.876815920593003034e-02
-5.876681840990038291e-02
-5.876548431785088428e-02
-5.876415689626163230e-02
-5.876283611178032690e-02
-5.876152193122142348e-02
-5.876021432156531416e-02
-5.875891324995748816e-02
-5.875761868370769914e-02
-5.875633059028916028e-02
-5.875504893733771161e-02
-5.875377369265102206e-02
-5.875250482418776371e-02
-5.875124230006682768e-02
-5.874998608856649152e-02
-5.874873615812365585e-02
-5.874749247733303953e-02
-5.874625501494637470e-02
-5.874502373987164350e-02
-5.874379862117228707e-02
-5.874257962806642835e-02
-5.874136672992609498e-02
-5.874015989627646289e-02
-5.873895909679507921e-02
-5.873776430131110587e-02
-5.873657547980454946e-02
-5.873539260240552562e-02
-5.873421563939349582e-02
-5.873304456119653183e-02
-5.873187933839055241e-02
-5.873071994169860172e-02
-5.872956634199010678e-02
-5.872841851028015592e-02
-5.872727641772875623e-02
-5.872614003564011198e-02
-5.872500933546190988e-02
-5.872388428878459743e-02
-5.872276486734067519e-02
-5.872165104300397509e-02
-5.872054278778895270e-02
-5.871944007385000719e-02
-5.871834287348075970e-02
-5.871725115911335252e-02
-5.871616490331778293e-02
-5.871508407880119546e-02
-5.871400865840718797e-02
-5.871293861511515250e-02
-5.871187392203957439e-02
-5.871081455242937314e-02
-5.870976047966722927e-02
-5.870871167726889051e-02
-5.870766811888254721e-02
-5.870662977828813162e-02
-5.870559662939669326e-02
-5.870456864624971210e-02
-5.870354580301846703e-02
-5.870252807400337669e-02
-5.870151543363336111e-02
-5.870050785646519637e-02
-5.869950531718286929e-02
-5.869850779059695295e-02
-5.869751525164396827e-02
-5.869652767538574567e-02
-5.869554503700881443e-02
-5.869456731182377124e-02
-5.869359447526465573e-02
-5.869262650288833288e-02
-5.869166337037388936e-02
-5.869070505352202288e-02
-5.868975152825441077e-02
-5.868880277061314099e-02
-5.868785875676007374e-02
-5.868691946297627249e-02
-5.868598486566139333e-02
-5.868505494133308825e-02
-5.868412966662642227e-02
-5.868320901829329056e-02
-5.868229297320182170e-02
-5.868138150833581562e-02
-5.868047460079413996e-02
-5.867957222779016796e-02
-5.867867436665121644e-02
-5.867778099481796295e-02
-5.867689208984386978e-02
-5.867600762939464976e-02
-5.867512759124767635e-02
-5.867425195329143556e-02
-5.867338069352497770e-02
-5.867251379005735540e-02
-5.867165122110706843e-02
-5.867079296500153640e-02
-5.866993900017652974e-02
-5.866908930517564930e-02
-5.866824385864977121e-02
-5.866740263935651956e-02
-5.866656562615973902e-02
-5.866573279802893975e-02
-5.866490413403879778e-02
-5.866407961336860682e-02
-5.866325921530176485e-02
-5.866244291922525361e-02
-5.866163070462912521e-02
-5.866082255110598165e-02
-5.866001843835045443e-02
-5.865921834615870495e-02
-5.865842225442791102e-02
-5.865763014315577423e-02
-5.865684199243999253e-02
-5.865605778247779539e-02
-5.865527749356540949e-02
-5.865450110609757989e-02
-5.865372860056709131e-02
-5.865295995756425462e-02
-5.865219515777643500e-02
-5.865143418198755232e-02
-5.865067701107761627e-02
-5.864992362602222675e-02
-5.864917400789211588e-02
-5.864842813785265535e-02
-5.864768599716339154e-02
-5.864694756717757362e-02
-5.864621282934168872e-02
-5.864548176519498307e-02
-5.864475435636901102e-02
-5.864403058458716317e-02
-5.864331043166422924e-02
-5.864259387950590541e-02
-5.864188091010837794e-02
-5.864117150555783753e-02
-5.864046564803004902e-02
-5.863976331978990042e-02
-5.863906450319095187e-02
-5.863836918067499848e-02
-5.863767733477162625e-02
-5.863698894809776796e-02
-5.863630400335727993e-02
-5.863562248334049098e-02
-5.863494437092378608e-02
-5.863426964906916922e-02
-5.863359830082382623e-02
-5.863293030931970851e-02
-5.863226565777310967e-02
-5.863160432948424233e-02
-5.863094630783682176e-02
-5.863029157629763566e-02
-5.862964011841614864e-02
-5.862899191782406511e-02
-5.862834695823494757e-02
-5.862770522344377261e-02
-5.862706669732655612e-02
-5.862643136383992315e-02
-5.862579920702072622e-02
-5.862517021098562209e-02
-5.862454435993069701e-02
-5.862392163813104351e-02
-5.862330202994038564e-02
-5.862268551979068348e-02
-5.862207209219173071e-02
-5.862146173173077290e-02
-5.862085442307211902e-02
-5.862025015095675973e-02
-5.861964890020197883e-02
-5.861905065570097162e-02
-5.861845540242247021e-02
-5.861786312541035493e-02
-5.861727380978330043e-02
-5.861668744073438714e-02
-5.861610400353071265e-02
-5.861552348351305869e-02
-5.861494586609549556e-02
-5.861437113676502136e-02
-5.861379928108119419e-02
-5.861323028467578522e-02
-5.861266413325240399e-02
-5.861210081258614452e-02
-5.861154030852321062e-02
-5.861098260698059670e-02
-5.861042769394569224e-02
-5.860987555547596262e-02
-5.860932617769858133e-02
-5.860877954681009000e-02
-5.860823564907603755e-02
-5.860769447083065409e-02
-5.860715599847650392e-02
-5.860662021848412478e-02
-5.860608711739170168e-02
-5.860555668180474076e-02
-5.860502889839571544e-02
-5.860450375390374028e-02
-5.860398123513422403e-02
-5.860346132895855042e-02
-5.860294402231375904e-02
-5.860242930220219137e-02
-5.860191715569117860e-02
-5.860140756991272237e-02
-5.860090053206316180e-02
-5.860039602940284725e-02
-5.859989404925583512e-02
-5.859939457900955467e-02
-5.859889760611450976e-02
-5.859840311808393876e-02
-5.859791110249351620e-02
-5.859742154698104749e-02
-5.859693443924614276e-02
-5.859644976704991154e-02
-5.859596751821466443e-02
-5.859548768062359386e-02
-5.859501024222047577e-02
-5.859453519100937119e-02
-5.859406251505432095e-02
-5.859359220247904732e-02
-5.859312424146664866e-02
-5.859265862025931498e-02
-5.859219532715801565e-02
-5.859173435052222878e-02
-5.859127567876961512e-02
-5.859081930037576824e-02
-5.859036520387388841e-02
-5.858991337785451892e-02
-5.858946381096524769e-02
-5.858901649191042282e-02
-5.858857140945086805e-02
-5.858812855240361217e-02
-5.858768790964159756e-02
-5.858724947009338879e-02
-5.858681322274292280e-02
-5.858637915662921053e-02
-5.858594726084606630e-02
-5.858551752454183720e-02
-5.858508993691912553e-02
-5.858466448723453207e-02
-5.858424116479835769e-02
-5.858381995897436745e-02
-5.858340085917949219e-02
-5.858298385488359267e-02
-5.858256893560917500e-02
-5.858215609093112702e-02
-5.858174531047646849e-02
-5.858133658392408738e-02
-5.858092990100446928e-02
-5.858052525149944761e-02
-5.858012262524195379e-02
-5.857972201211574664e-02
-5.857932340205516952e-02
-5.857892678504489359e-02
-5.857853215111966799e-02
-5.857813949036407009e-02
-5.857774879291224868e-02
-5.857736004894768811e-02
-5.857697324870295152e-02
-5.857658838245943800e-02
-5.857620544054713968e-02
-5.857582441334440587e-02
-5.857544529127768629e-02
-5.857506806482129513e-02
-5.857469272449718906e-02
-5.857431926087470347e-02
-5.857394766457033053e-02
-5.857357792624747622e-02
-5.857321003661623837e-02
-5.857284398643315682e-02
-5.857247976650099136e-02
-5.857211736766848587e-02
-5.857175678083014619e-02
-5.857139799692599735e-02
-5.857104100694136839e-02
-5.857068580190666340e-02
-5.857033237289713257e-02
-5.856998071103265008e-02
-5.856963080747748518e-02
-5.856928265344010093e-02
-5.856893624017289746e-02
-5.856859155897203156e-02
-5.856824860117717385e-02
-5.856790735817128668e-02
-5.856756782138042988e-02
-5.856722998227352484e-02
-5.856689383236216018e-02
-5.856655936320034894e-02
-5.856622656638434815e-02
-5.856589543355242983e-02
-5.856556595638466589e-02
-5.856523812660274081e-02
-5.856491193596972955e-02
-5.856458737628988248e-02
-5.856426443940843107e-02
-5.856394311721138668e-02
-5.856362340162533237e-02
-5.856330528461720780e-02
-5.856298875819412192e-02
-5.856267381440315167e-02
-5.856236044533113388e-02
-5.856204864310447789e-02
-5.856173839988895735e-02
-5.856142970788951602e-02
-5.856112255935006644e-02
-5.856081694655331654e-02
-5.856051286182054755e-02
-5.856021029751144746e-02
-5.855990924602388903e-02
-5.855960969979377012e-02
-5.855931165129479865e-02
-5.855901509303832603e-02
-5.855872001757313206e-02
-5.855842641748526534e-02
-5.855813428539784204e-02
-5.855784361397085164e-02
-5.855755439590099726e-02
-5.855726662392149451e-02
-5.855698029080188410e-02
-5.855669538934787227e-02
-5.855641191240112953e-02
-5.855612985283912414e-02
-5.855584920357492784e-02
-5.855556995755705624e-02
-5.855529210776926757e-02
-5.855501564723042396e-02
-5.855474056899426932e-02
-5.855446686614929758e-02
-5.855419453181855138e-02
-5.855392355915945563e-02
-5.855365394136365781e-02
-5.855338567165684072e-02
-5.855311874329855587e-02
-5.855285314958206394e-02
-5.855258888383415433e-02
-5.855232593941498559e-02
-5.855206430971791193e-02
-5.855180398816932363e-02
-5.855154496822847360e-02
-5.855128724338733159e-02
-5.855103080717039693e-02
-5.855077565313454580e-02
-5.855052177486887166e-02
-5.855026916599452569e-02
-5.855001782016455020e-02
-5.854976773106372601e-02
-5.854951889240840590e-02
-5.854927129794636198e-02
-5.854902494145663300e-02
-5.854877981674935089e-02
-5.854853591766560200e-02
-5.854829323807727443e-02
-5.854805177188689147e-02
-5.854781151302745901e-02
-5.854757245546231975e-02
-5.854733459318500755e-02
-5.854709792021908082e-02
-5.854686243061798384e-02
-5.854662811846489401e-02
-5.854639497787256924e-02
-5.854616300298320919e-02
-5.854593218796829562e-02
-5.854570252702845368e-02
-5.854547401439331306e-02
-5.854524664432134845e-02
-5.854502041109974075e-02
-5.854479530904424522e-02
-5.854457133249902495e-02
-5.854434847583653290e-02
-5.854412673345735230e-02
-5.854390609979006482e-02
-5.854368656929111181e-02
-5.854346813644465547e-02
-5.854325079576243318e-02
-5.854303454178361871e-02
-5.854281936907469730e-02
-5.854260527222932692e-02
-5.854239224586817864e-02
-5.854218028463883949e-02
-5.854196938321564597e-02
-5.854175953629956602e-02
-5.854155073861806724e-02
-5.854134298492497807e-02
-5.854113627000035597e-02
-5.854093058865035559e-02
-5.854072593570710387e-02
-5.854052230602856816e-02
-5.854031969449842443e-02
-5.854011809602593236e-02
-5.853991750554580348e-02
-5.853971791801807628e-02
-5.853951932842798439e-02
-5.853932173178584553e-02
-5.853912512312691580e-02
-5.853892949751127867e-02
-5.853873485002372007e-02
-5.853854117577360350e-02
-5.853834846989473817e-02
-5.853815672754526106e-02
-5.853796594390753283e-02
-5.853777611418799209e-02
-5.853758723361705135e-02
-5.853739929744896514e-02
-5.853721230096171901e-02
-5.853702623945691158e-02
-5.853684110825962961e-02
-5.853665690271833005e-02
-5.853647361820473599e-02
-5.853629125011371170e-02
-5.853610979386314472e-02
-5.853592924489382787e-02
-5.853574959866936211e-02
-5.853557085067601778e-02
-5.853539299642263743e-02
-5.853521603144052482e-02
-5.853503995128331999e-02
-5.853486475152690216e-02
-5.853469042776926479e-02
-5.853451697563041844e-02
-5.853434439075226592e-02
-5.853417266879850506e-02
-5.853400180545451081e-02
-5.853383179642723810e-02
-5.853366263744510384e-02
-5.853349432425787591e-02
-5.853332685263658991e-02
-5.853316021837341038e-02
-5.853299441728154057e-02
-5.853282944519513226e-02
-5.853266529796915391e-02
-5.853250197147930739e-02
-5.853233946162191004e-02
-5.853217776431379749e-02
-5.853201687549222654e-02
-5.853185679111476414e-02
-5.853169750715919023e-02
-5.853153901962339367e-02
-5.853138132452527509e-02
-5.853122441790264974e-02
-5.853106829581313647e-02
-5.853091295433406754e-02
-5.853075838956239840e-02
-5.853060459761458972e-02
-5.853045157462651721e-02
-5.853029931675338138e-02
-5.853014782016961737e-02
-5.852999708106877003e-02
-5.852984709566342453e-02
-5.852969786018510923e-02
-5.852954937088418463e-02
-5.852940162402976709e-02
-5.852925461590961775e-02
-5.852910834283006625e-02
-5.852896280111591354e-02
-5.852881798711033479e-02
-5.852867389717478219e-02
-5.852853052768890868e-02
-5.852838787505046381e-02
-5.852824593567521050e-02
-5.852810470599683484e-02
-5.852796418246684895e-02
-5.852782436155451462e-02
-5.852768523974673925e-02
-5.852754681354800648e-02
-5.852740907948026511e-02
-5.852727203408286671e-02
-5.852713567391245458e-02
-5.852699999554289434e-02
-5.852686499556517680e-02
-5.852673067058734857e-02
-5.852659701723441493e-02
-5.852646403214824267e-02
-5.852633171198750456e-02
-5.852620005342756837e-02
-5.852606905316042746e-02
-5.852593870789462444e-02
-5.852580901435515404e-02
-5.852567996928337984e-02
-5.852555156943696490e-02
-5.852542381158978152e-02
-5.852529669253183492e-02
-5.852517020906917306e-02
-5.852504435802382415e-02
-5.852491913623370651e-02
-5.852479454055253827e-02
-5.852467056784977500e-02
-5.852454721501052642e-02
-5.852442447893547312e-02
-5.852430235654079715e-02
-5.852418084475809190e-02
-5.852405994053429955e-02
-5.852393964083162786e-02
-5.852381994262746689e-02
-5.852370084291432656e-02
-5.852358233869975335e-02
-5.852346442700625401e-02
-5.852334710487122615e-02
-5.852323036934686806e-02
-5.852311421750013704e-02
-5.852299864641263838e-02
-5.852288365318057684e-02
-5.852276923491467331e-02
-5.852265538874010242e-02
-5.852254211179640231e-02
-5.852242940123741910e-02
-5.852231725423123060e-02
-5.852220566796007689e-02
-5.852209463962027708e-02
-5.852198416642217377e-02
-5.852187424559006368e-02
-5.852176487436211438e-02
-5.852165604999030185e-02
-5.852154776974034800e-02
-5.852144003089164437e-02
-5.852133283073718273e-02
-5.852122616658349957e-02
-5.852112003575057897e-02
-5.852101443557182481e-02
-5.852090936339396365e-02
-5.852080481657699618e-02
-5.852070079249411388e-02
-5.852059728853164361e-02
-5.852049430208898506e-02
-5.852039183057854144e-02
-5.852028987142565003e-02
-5.852018842206851978e-02
-5.852008747995817578e-02
-5.851998704255838291e-02
-5.851988710734559035e-02
-5.851978767180886221e-02
-5.851968873344981503e-02
-5.851959028978256927e-02
-5.851949233833365904e-02
-5.851939487664199052e-02
-5.851929790225877948e-02
-5.851920141274748882e-02
-5.851910540568375230e-02
-5.851900987865533282e-02
-5.851891482926205312e-02
-5.851882025511574020e-02
-5.851872615384016291e-02
-5.851863252307096253e-02
-5.851853936045561116e-02
-5.851844666365333542e-02
-5.851835443033506778e-02
-5.851826265818339118e-02
-5.851817134489247646e-02
-5.851808048816801305e-02
-5.851799008572717425e-02
-5.851790013529854090e-02
-5.851781063462204585e-02
-5.851772158144893238e-02
-5.851763297354168475e-02
-5.851754480867397967e-02
-5.851745708463060996e-02
-5.851736979920745679e-02
-5.851728295021142029e-02
-5.851719653546036404e-02
-5.851711055278305956e-02
-5.851702500001914470e-02
-5.851693987501904726e-02
-5.851685517564395034e-02
-5.851677089976572987e-02
-5.851668704526689913e-02
-5.851660361004056704e-02
-5.851652059199036193e-02
-5.851643798903041066e-02
-5.851635579908525536e-02
-5.851627402008982570e-02
-5.851619264998937642e-02
-5.851611168673943181e-02
-5.851603112830573716e-02
-5.851595097266421019e-02
-5.851587121780089246e-02
-5.851579186171188690e-02
-5.851571290240333012e-02
-5.851563433789131602e-02
-5.851555616620186112e-02
-5.851547838537084906e-02
-5.851540099344399587e-02
-5.851532398847677369e-02
-5.851524736853438990e-02
-5.851517113169171780e-02
-5.851509527603326183e-02
-5.851501979965309519e-02
-5.851494470065483205e-02
-5.851486997715155819e-02
-5.851479562726580319e-02
-5.851472164912947110e-02
-5.851464804088382654e-02
-5.851457480067940448e-02
-5.851450192667601025e-02
-5.851442941704262934e-02
-5.851435726995741354e-02
-5.851428548360762538e-02
-5.851421405618958960e-02
-5.851414298590864455e-02
-5.851407227097910058e-02
-5.851400190962420533e-02
-5.851393190007608130e-02
-5.851386224057569807e-02
-5.851379292937281679e-02
-5.851372396472595550e-02
-5.851365534490232667e-02
-5.851358706817781641e-02
-5.851351913283692890e-02
-5.851345153717274483e-02
-5.851338427948687970e-02
-5.851331735808944223e-02
-5.851325077129899271e-02
-5.851318451744249444e-02
-5.851311859485527900e-02
-5.851305300188100467e-02
-5.851298773687160087e-02
-5.851292279818724046e-02
-5.851285818419630497e-02
-5.851279389327532221e-02
-5.851272992380894544e-02
-5.851266627418989785e-02
-5.851260294281895175e-02
-5.851253992810485915e-02
-5.851247722846433796e-02
-5.851241484232201640e-02
-5.851235276811040525e-02
-5.851229100426985630e-02
-5.851222954924850672e-02
-5.851216840150226528e-02
-5.851210755949475678e-02
-5.851204702169728045e-02
-5.851198678658879604e-02
-5.851192685265585447e-02
-5.851186721839257698e-02
-5.851180788230061353e-02
-5.851174884288910805e-02
-5.851169009867466381e-02
-5.851163164818128787e-02
-5.851157348994038415e-02
-5.851151562249068405e-02
-5.851145804437823256e-02
-5.851140075415633968e-02
-5.851134375038555963e-02
-5.851128703163363531e-02
-5.851123059647547059e-02
-5.851117444349309554e-02
-5.851111857127563182e-02
-5.851106297841925097e-02
-5.851100766352715365e-02
-5.851095262520952106e-02
-5.851089786208347326e-02
-5.851084337277305536e-02
-5.851078915590918889e-02
-5.851073521012964407e-02
-5.851068153407899819e-02
-5.851062812640860089e-02
-5.851057498577656030e-02
-5.851052211084768057e-02
-5.851046950029344107e-02
-5.851041715279197558e-02
-5.851036506702801676e-02
-5.851031324169287534e-02
-5.851026167548441237e-02
-5.851021036710699064e-02
-5.851015931527145386e-02
-5.851010851869509893e-02
-5.851005797610162040e-02
-5.851000768622111048e-02
-5.850995764779000352e-02
-5.850990785955105522e-02
-5.850985832025330097e-02
-5.850980902865203503e-02
-5.850975998350877588e-02
-5.850971118359123146e-02
-5.850966262767327841e-02
-5.850961431453491346e-02
-5.850956624296223957e-02
-5.850951841174743123e-02
-5.850947081968869284e-02
-5.850942346559025176e-02
-5.850937634826230277e-02
-5.850932946652099426e-02
-5.850928281918838653e-02
-5.850923640509244489e-02
-5.850919022306698414e-02
-5.850914427195164774e-02
-5.850909855059188702e-02
-5.850905305783892646e-02
-5.850900779254972900e-02
-5.850896275358698218e-02
-5.850891793981904954e-02
-5.850887335011995677e-02
-5.850882898336935700e-02
-5.850878483845250999e-02
-5.850874091426024742e-02
-5.850869720968894516e-02
-5.850865372364050243e-02
-5.850861045502230018e-02
-5.850856740274718720e-02
-5.850852456573345239e-02
-5.850848194290478310e-02
-5.850843953319025820e-02
-5.850839733552430644e-02
-5.850835534884668565e-02
-5.850831357210245498e-02
-5.850827200424194019e-02
-5.850823064422073366e-02
-5.850818949099963195e-02
-5.850814854354463579e-02
-5.850810780082691537e-02
-5.850806726182278261e-02
-5.850802692551367035e-02
-5.850798679088610454e-02
-5.850794685693167657e-02
-5.850790712264701543e-02
-5.850786758703378082e-02
-5.850782824909861457e-02
-5.850778910785311981e-02
-5.850775016231385406e-02
-5.850771141150228755e-02
-5.850767285444477550e-02
-5.850763449017255119e-02
-5.850759631772169123e-02
-5.850755833613308088e-02
-5.850752054445241407e-02
-5.850748294173015174e-02
-5.850744552702150103e-02
-5.850740829938639448e-02
-5.850737125788946225e-02
-5.850733440160001825e-02
-5.850729772959201852e-02
-5.850726124094406122e-02
-5.850722493473933805e-02
-5.850718881006564120e-02
-5.850715286601531478e-02
-5.850711710168524093e-02
-5.850708151617681207e-02
-5.850704610859593091e-02
-5.850701087805294798e-02
-5.850697582366268246e-02
-5.850694094454436667e-02
-5.850690623982164607e-02
-5.850687170862253761e-02
-5.850683735007942282e-02
-5.850680316332902697e-02
-5.850676914751238439e-02
-5.850673530177482456e-02
-5.850670162526595136e-02
-5.850666811713962218e-02
-5.850663477655392714e-02
-5.850660160267115439e-02
-5.850656859465779708e-02
-5.850653575168450471e-02
-5.850650307292608321e-02
-5.850647055756145326e-02
-5.850643820477364337e-02
-5.850640601374977601e-02
-5.850637398368102593e-02
-5.850634211376262023e-02
-5.850631040319381054e-02
-5.850627885117783838e-02
-5.850624745692194900e-02
-5.850621621963733587e-02
-5.850618513853914765e-02
-5.850615421284645346e-02
-5.850612344178222207e-02
-5.850609282457330806e-02
-5.850606236045044484e-02
-5.850603204864819606e-02
-5.850600188840495569e-02
-5.850597187896293405e-02
-5.850594201956811624e-02
-5.850591230947027599e-02
-5.850588274792292709e-02
-5.850585333418330952e-02
-5.850582406751239639e-02
-5.850579494717483148e-02
-5.850576597243895699e-02
-5.850573714257676500e-02
-5.850570845686388355e-02
-5.850567991457956279e-02
-5.850565151500666805e-02
-5.850562325743163816e-02
-5.850559514114447857e-02
-5.850556716543875435e-02
-5.850553932961156250e-02
-5.850551163296350415e-02
-5.850548407479868457e-02
-5.850545665442469234e-02
-5.850542937115257164e-02
-5.850540222429680831e-02
-5.850537521317532297e-02
-5.850534833710944321e-02
-5.850532159542389671e-02
-5.850529498744677648e-02
-5.850526851250954091e-02
-5.850524216994699295e-02
-5.850521595909725925e-02
-5.850518987930177633e-02
-5.850516392990526976e-02
-5.850513811025574024e-02
-5.850511241970446363e-02
-5.850508685760594241e-02
-5.850506142331791254e-02
-5.850503611620132272e-02
-5.850501093562031352e-02
-5.850498588094221047e-02
-5.850496095153749632e-02
-5.850493614677981097e-02
-5.850491146604590992e-02
-5.850488690871567810e-02
-5.850486247417210212e-02
-5.850483816180124252e-02
-5.850481397099223380e-02
-5.850478990113727046e-02
-5.850476595163158627e-02
-5.850474212187342649e-02
-5.850471841126406169e-02
-5.850469481920773929e-02
-5.850467134511169731e-02
-5.850464798838613673e-02
-5.850462474844420752e-02
-5.850460162470198788e-02
-5.850457861657847730e-02
-5.850455572349558264e-02
-5.850453294487810429e-02
-5.850451028015371535e-02
-5.850448772875294773e-02
-5.850446529010918523e-02
-5.850444296365864272e-02
-5.850442074884035226e-02
-5.850439864509614923e-02
-5.850437665187066538e-02
-5.850435476861131495e-02
-5.850433299476825999e-02
-5.850431132979441728e-02
-5.850428977314544449e-02
-5.850426832427971929e-02
-5.850424698265831863e-02
-5.850422574774502560e-02
-5.850420461900630170e-02
-5.850418359591127299e-02
-5.850416267793171615e-02
-5.850414186454205856e-02
-5.850412115521935047e-02
-5.850410054944325117e-02
-5.850408004669603590e-02
-5.850405964646255424e-02
-5.850403934823024399e-02
-5.850401915148908949e-02
-5.850399905573164250e-02
-5.850397906045298746e-02
-5.850395916515072070e-02
-5.850393936932496430e-02
-5.850391967247833835e-02
-5.850390007411594706e-02
-5.850388057374536488e-02
-5.850386117087663651e-02
-5.850384186502225609e-02
-5.850382265569714635e-02
-5.850380354241865866e-02
-5.850378452470656604e-02
-5.850376560208303545e-02
-5.850374677407262081e-02
-5.850372804020225609e-02
-5.850370940000124143e-02
-5.850369085300123617e-02
-5.850367239873623115e-02
-5.850365403674254866e-02
-5.850363576655883552e-02
-5.850361758772604226e-02
-5.850359949978740925e-02
-5.850358150228847365e-02
-5.850356359477703466e-02
-5.850354577680314666e-02
-5.850352804791913303e-02
-5.850351040767953759e-02
