-6.496000000000000385e-02
-6.492019999999999735e-02
-6.488059899999999713e-02
-6.484119600499999025e-02
-6.480199002497498417e-02
-6.476298007485010999e-02
-6.472416517447586448e-02
-6.468554434860349089e-02
-6.464711662686047078e-02
-6.460888104372616847e-02
-6.457083663850753108e-02
-6.453298245531499666e-02
-6.449531754303841624e-02
-6.445784095532322566e-02
-6.442055175054660354e-02
-6.438344899179386516e-02
-6.434653174683489796e-02
-6.430979908810072199e-02
-6.427325009266021683e-02
-6.423688384219691794e-02
-6.420069942298593790e-02
-6.416469592587101256e-02
-6.412887244624165817e-02
-6.409322808401045346e-02
-6.405776194359040498e-02
-6.402247313387245120e-02
-6.398736076820309149e-02
-6.395242396436207066e-02
-6.391766184454025779e-02
-6.388307353531755273e-02
-6.384865816764095925e-02
-6.381441487680275526e-02
-6.378034280241874632e-02
-6.374644108840665790e-02
-6.371270888296462487e-02
-6.367914533854980574e-02
-6.364574961185705260e-02
-6.361252086379776127e-02
-6.357945825947877716e-02
-6.354656096818138422e-02
-6.351382816334047443e-02
-6.348125902252377273e-02
-6.344885272741115911e-02
-6.341660846377410177e-02
-6.338452542145522894e-02
-6.335260279434795638e-02
-6.332083978037621186e-02
-6.328923558147432626e-02
-6.325778940356695246e-02
-6.322650045654912287e-02
-6.319536795426637654e-02
-6.316439111449503874e-02
-6.313356915892257004e-02
-6.310290131312795703e-02
-6.307238680656231111e-02
-6.304202487252949516e-02
-6.301181474816684724e-02
-6.298175567442601541e-02
-6.295184689605388961e-02
-6.292208766157361688e-02
-6.289247722326575529e-02
-6.286301483714942795e-02
-6.283369976296368509e-02
-6.280453126414886622e-02
-6.277550860782812880e-02
-6.274663106478899077e-02
-6.271789790946503962e-02
-6.268930841991771086e-02
-6.266086187781812200e-02
-6.263255756842903144e-02
-6.260439478058688056e-02
-6.257637280668394697e-02
-6.254849094265052534e-02
-6.252074848793727491e-02
-6.249314474549758774e-02
-6.246567902177010273e-02
-6.243835062666125424e-02
-6.241115887352794572e-02
-6.238410307916030656e-02
-6.235718256376450441e-02
-6.233039665094568249e-02
-6.230374466769095232e-02
-6.227722594435249753e-02
-6.225083981463073318e-02
-6.222458561555758300e-02
-6.219846268747979828e-02
-6.217247037404240173e-02
-6.214660802217218671e-02
-6.212087498206132763e-02
-6.209527060715101798e-02
-6.206979425411526113e-02
-6.204444528284468185e-02
-6.201922305643045585e-02
-6.199412694114830175e-02
-6.196915630644256323e-02
-6.194431052491035372e-02
-6.191958897228580505e-02
-6.189499102742437864e-02
-6.187051607228725991e-02
-6.184616349192582213e-02
-6.182193267446619428e-02
-6.179782301109386367e-02
-6.177383389603839647e-02
-6.174996472655820690e-02
-6.172621490292541646e-02
-6.170258382841078970e-02
-6.167907090926873920e-02
-6.165567555472239308e-02
-6.163239717694878050e-02
-6.160923519106403790e-02
-6.158618901510871935e-02
-6.156325807003317635e-02
-6.154044177968301388e-02
-6.151773957078460198e-02
-6.149515087293067755e-02
-6.147267511856602251e-02
-6.145031174297319043e-02
-6.142806018425832348e-02
-6.140591988333703177e-02
-6.138389028392034902e-02
-6.136197083250075068e-02
-6.134016097833824843e-02
-6.131846017344655397e-02
-6.129686787257931924e-02
-6.127538353321642511e-02
-6.125400661555033960e-02
-6.123273658247258694e-02
-6.121157289956022374e-02
-6.119051503506242606e-02
-6.116956245988711127e-02
-6.114871464758767777e-02
-6.112797107434973787e-02
-6.110733121897798936e-02
-6.108679456288310106e-02
-6.106636059006868844e-02
-6.104602878711834490e-02
-6.102579864318275621e-02
-6.100566964996684272e-02
-6.098564130171700570e-02
-6.096571309520842225e-02
-6.094588452973238174e-02
-6.092615510708371956e-02
-6.090652433154829931e-02
-6.088699170989055748e-02
-6.086755675134110366e-02
-6.084821896758439708e-02
-6.082897787274647167e-02
-6.080983298338273751e-02
-6.079078381846582391e-02
-6.077182989937349178e-02
-6.075297074987662249e-02
-6.073420589612724130e-02
-6.071553486664660326e-02
-6.069695719231336939e-02
-6.067847240635180356e-02
-6.066008004432004580e-02
-6.064177964409844801e-02
-6.062357074587795824e-02
-6.060545289214856746e-02
-6.058742562768782564e-02
-6.056948849954938568e-02
-6.055164105705163752e-02
-6.053388285176637684e-02
-6.051621343750754334e-02
-6.049863237032000740e-02
-6.048113920846840547e-02
-6.046373351242606553e-02
-6.044641484486393268e-02
-6.042918277063961258e-02
-6.041203685678641494e-02
-6.039497667250248031e-02
-6.037800178913996924e-02
-6.036111178019427231e-02
-6.034430622129330346e-02
-6.032758469018683484e-02
-6.031094676673590116e-02
-6.029439203290222482e-02
-6.027792007273771041e-02
-6.026153047237402249e-02
-6.024522282001214951e-02
-6.022899670591208565e-02
-6.021285172238252659e-02
-6.019678746377061379e-02
-6.018080352645176212e-02
-6.016489950881950127e-02
-6.014907501127540052e-02
-6.013332963621902116e-02
-6.011766298803792458e-02
-6.010207467309773566e-02
-6.008656429973224800e-02
-6.007113147823358451e-02
-6.005577582084241361e-02
-6.004049694173820007e-02
-6.002529445702951133e-02
-6.001016798474436559e-02
-5.999511714482064217e-02
-5.998014155909654060e-02
-5.996524085130106041e-02
-5.995041464704455730e-02
-5.993566257380933404e-02
-5.992098426094028679e-02
-5.990637933963558620e-02
-5.989184744293740703e-02
-5.987738820572272025e-02
-5.986300126469410593e-02
-5.984868625837063555e-02
-5.983444282707878203e-02
-5.982027061294338532e-02
-5.980616925987866650e-02
-5.979213841357927661e-02
-5.977817772151138020e-02
-5.976428683290382210e-02
-5.975046539873930113e-02
-5.973671307174560630e-02
-5.972302950638688074e-02
-5.970941435885494808e-02
-5.969586728706067352e-02
-5.968238795062537350e-02
-5.966897601087224612e-02
-5.965563113081788493e-02
-5.964235297516379264e-02
-5.962914121028797115e-02
-5.961599550423653249e-02
-5.960291552671535126e-02
-5.958990094908177271e-02
-5.957695144433636236e-02
-5.956406668711468344e-02
-5.955124635367910896e-02
-5.953849012191071016e-02
-5.952579767130115884e-02
-5.951316868294465046e-02
-5.950060283952992440e-02
-5.948809982533227736e-02
-5.947565932620561824e-02
-5.946328102957459255e-02
-5.945096462442672064e-02
-5.943870980130458448e-02
-5.942651625229806306e-02
-5.941438367103657470e-02
-5.940231175268138875e-02
-5.939030019391797893e-02
-5.937834869294839057e-02
-5.936645694948364943e-02
-5.935462466473623300e-02
-5.934285154141254875e-02
-5.933113728370548873e-02
-5.931948159728696324e-02
-5.930788418930053180e-02
-5.929634476835402707e-02
-5.928486304451225514e-02
-5.927343872928969581e-02
-5.926207153564324454e-02
-5.925076117796503061e-02
-5.923950737207520773e-02
-5.922830983521483461e-02
-5.921716828603876270e-02
-5.920608244460857233e-02
-5.919505203238552976e-02
-5.918407677222359969e-02
-5.917315638836247865e-02
-5.916229060642066301e-02
-5.915147915338855866e-02
-5.914072175762161848e-02
-5.913001814883350749e-02
-5.911936805808933743e-02
-5.910877121779888749e-02
-5.909822736170989438e-02
-5.908773622490134242e-02
-5.907729754377683690e-02
-5.906691105605794967e-02
-5.905657650077766191e-02
-5.904629361827377215e-02
-5.903606215018240150e-02
-5.902588183943149186e-02
-5.901575243023433198e-02
-5.900567366808315978e-02
-5.899564529974274385e-02
-5.898566707324402747e-02
-5.897573873787780724e-02
-5.896586004418841870e-02
-5.895603074396747745e-02
-5.894625059024764108e-02
-5.893651933729640580e-02
-5.892683674060992388e-02
-5.891720255690687663e-02
-5.890761654412234039e-02
-5.889807846140172887e-02
-5.888858806909472166e-02
-5.887914512874924816e-02
-5.886974940310549936e-02
-5.886040065608997424e-02
-5.885109865280952618e-02
-5.884184315954547884e-02
-5.883263394374774885e-02
-5.882347077402901026e-02
-5.881435342015886580e-02
-5.880528165305807381e-02
-5.879625524479278192e-02
-5.878727396856881643e-02
-5.877833759872597152e-02
-5.876944591073234025e-02
-5.876059868117868012e-02
-5.875179568777278566e-02
-5.874303670933392341e-02
-5.873432152578725307e-02
-5.872564991815831803e-02
-5.871702166856752891e-02
-5.870843656022468882e-02
-5.869989437742356708e-02
-5.869139490553645228e-02
-5.868293793100876760e-02
-5.867452324135372099e-02
-5.866615062514695528e-02
-5.865781987202121905e-02
-5.864953077266111398e-02
-5.864128311879780731e-02
-5.863307670320382081e-02
-5.862491131968779884e-02
-5.861678676308935965e-02
-5.860870282927391206e-02
-5.860065931512754150e-02
-5.859265601855190297e-02
-5.858469273845914177e-02
-5.857676927476684892e-02
-5.856888542839301659e-02
-5.856104100125104905e-02
-5.855323579624479441e-02
-5.854546961726356941e-02
-5.853774226917725365e-02
-5.853005355783136993e-02
-5.852240329004221309e-02
-5.851479127359199978e-02
-5.850721731722403895e-02
-5.849968123063791631e-02
-5.849218282448472722e-02
-5.848472191036230283e-02
-5.847729830081049157e-02
-5.846991180930644072e-02
-5.846256225025990572e-02
-5.845524943900860804e-02
-5.844797319181356532e-02
-5.844073332585449781e-02
-5.843352965922522790e-02
-5.842636201092910042e-02
-5.841923020087445156e-02
-5.841213404987007779e-02
-5.840507337962072554e-02
-5.839804801272262258e-02
-5.839105777265900937e-02
-5.838410248379571205e-02
-5.837718197137673620e-02
-5.837029606151985378e-02
-5.836344458121225237e-02
-5.835662735830619147e-02
-5.834984422151465872e-02
-5.834309500040708862e-02
-5.833637952540505350e-02
-5.832969762777803074e-02
-5.832304913963914234e-02
-5.831643389394094990e-02
-5.830985172447124276e-02
-5.830330246584888854e-02
-5.829678595351964199e-02
-5.829030202375204417e-02
-5.828385051363328684e-02
-5.827743126106511851e-02
-5.827104410475979213e-02
-5.826468888423599196e-02
-5.825836543981480903e-02
-5.825207361261573735e-02
-5.824581324455265635e-02
-5.823958417832989648e-02
-5.823338625743824937e-02
-5.822721932615106122e-02
-5.822108322952030540e-02
-5.821497781337270361e-02
-5.820890292430584007e-02
-5.820285840968431046e-02
-5.819684411763589166e-02
-5.819085989704771145e-02
-5.818490559756247377e-02
-5.817898106957466314e-02
-5.817308616422679074e-02
-5.816722073340565430e-02
-5.816138462973862583e-02
-5.815557770658993236e-02
-5.814979981805698528e-02
-5.814405081896670269e-02
-5.813833056487186651e-02
-5.813263891204750733e-02
-5.812697571748726838e-02
-5.812134083889983205e-02
-5.811573413470533245e-02
-5.811015546403180271e-02
-5.810460468671164308e-02
-5.809908166327808210e-02
-5.809358625496169326e-02
-5.808811832368688394e-02
-5.808267773206844675e-02
-5.807726434340810401e-02
-5.807187802169106600e-02
-5.806651863158261012e-02
-5.806118603842469472e-02
-5.805588010823257289e-02
-5.805060070769141323e-02
-5.804534770415295530e-02
-5.804012096563219286e-02
-5.803492036080402927e-02
-5.802974575900000931e-02
-5.802459703020500931e-02
-5.801947404505398281e-02
-5.801437667482871319e-02
-5.800930479145456620e-02
-5.800425826749729119e-02
-5.799923697615980145e-02
-5.799424079127900311e-02
-5.798926958732261022e-02
-5.798432323938599448e-02
-5.797940162318906271e-02
-5.797450461507312053e-02
-5.796963209199775674e-02
-5.796478393153776942e-02
-5.795996001188007812e-02
-5.795516021182067767e-02
-5.795038441076157121e-02
-5.794563248870776562e-02
-5.794090432626422538e-02
-5.793619980463290270e-02
-5.793151880560973993e-02
-5.792686121158169277e-02
-5.792222690552378123e-02
-5.791761577099616143e-02
-5.791302769214118351e-02
-5.790846255368047729e-02
-5.790392024091207263e-02
-5.789940063970751283e-02
-5.789490363650897503e-02
-5.789042911832643218e-02
-5.788597697273480114e-02
-5.788154708787112551e-02
-5.787713935243177232e-02
-5.787275365566961483e-02
-5.786838988739126388e-02
-5.786404793795430629e-02
-5.785972769826453616e-02
-5.785542905977321404e-02
-5.785115191447434690e-02
-5.784689615490197501e-02
-5.784266167412746573e-02
-5.783844836575682824e-02
-5.783425612392804199e-02
-5.783008484330839916e-02
-5.782593441909185394e-02
-5.782180474699639278e-02
-5.781769572326141138e-02
-5.781360724464510575e-02
-5.780953920842187704e-02
-5.780549151237977107e-02
-5.780146405481786931e-02
-5.779745673454377702e-02
-5.779346945087105586e-02
-5.778950210361669809e-02
-5.778555459309861475e-02
-5.778162682013312373e-02
-5.777771868603245875e-02
-5.777383009260229907e-02
-5.776996094213928540e-02
-5.776611113742859127e-02
-5.776228058174144586e-02
-5.775846917883274007e-02
-5.775467683293857707e-02
-5.775090344877388537e-02
-5.774714893153001793e-02
-5.774341318687236518e-02
-5.773969612093800274e-02
-5.773599764033331139e-02
-5.773231765213164557e-02
-5.772865606387098808e-02
-5.772501278355163246e-02
-5.772138771963387233e-02
-5.771778078103570464e-02
-5.771419187713052595e-02
-5.771062091774487035e-02
-5.770706781315614736e-02
-5.770353247409036601e-02
-5.770001481171991436e-02
-5.769651473766131827e-02
-5.769303216397301398e-02
-5.768956700315314851e-02
-5.768611916813738000e-02
-5.768268857229669200e-02
-5.767927512943520768e-02
-5.767587875378803186e-02
-5.767249936001909300e-02
-5.766913686321899907e-02
-5.766579117890290734e-02
-5.766246222300839414e-02
-5.765914991189335231e-02
-5.765585416233388882e-02
-5.765257489152222220e-02
-5.764931201706460784e-02
-5.764606545697928408e-02
-5.764283512969439055e-02
-5.763962095404592118e-02
-5.763642284927569109e-02
-5.763324073502931050e-02
-5.763007453135416541e-02
-5.762692415869739154e-02
-5.762378953790390362e-02
-5.762067059021438314e-02
-5.761756723726331464e-02
-5.761447940107700116e-02
-5.761140700407161447e-02
-5.760834996905125904e-02
-5.760530821920600147e-02
-5.760228167810996919e-02
-5.759927026971942143e-02
-5.759627391837082722e-02
-5.759329254877897097e-02
-5.759032608603507908e-02
-5.758737445560490470e-02
-5.758443758332688206e-02
-5.758151539541024599e-02
-5.757860781843319314e-02
-5.757571477934102927e-02
-5.757283620544432351e-02
-5.756997202441710426e-02
-5.756712216429502038e-02
-5.756428655347354401e-02
-5.756146512070617338e-02
-5.755865779510264263e-02
-5.755586450612713151e-02
-5.755308518359649600e-02
-5.755031975767851277e-02
-5.754756815889012361e-02
-5.754483031809567301e-02
-5.754210616650519416e-02
-5.753939563567266741e-02
-5.753669865749430623e-02
-5.753401516420683648e-02
-5.753134508838580324e-02
-5.752868836294387084e-02
-5.752604492112915052e-02
-5.752341469652350742e-02
-5.752079762304088822e-02
-5.751819363492568365e-02
-5.751560266675105615e-02
-5.751302465341730230e-02
-5.751045953015021528e-02
-5.750790723249946113e-02
-5.750536769633696199e-02
-5.750284085785527938e-02
-5.750032665356600431e-02
-5.749782502029817527e-02
-5.749533589519668225e-02
-5.749285921572069857e-02
-5.749039491964209186e-02
-5.748794294504388364e-02
-5.748550323031866721e-02
-5.748307571416707423e-02
-5.748066033559624116e-02
-5.747825703391826191e-02
-5.747586574874866822e-02
-5.747348642000492391e-02
-5.747111898790489837e-02
-5.746876339296537461e-02
-5.746641957600055056e-02
-5.746408747812054713e-02
-5.746176704072994412e-02
-5.745945820552629535e-02
-5.745716091449866447e-02
-5.745487510992616786e-02
-5.745260073437653825e-02
-5.745033773070465366e-02
-5.744808604205112884e-02
-5.744584561184087196e-02
-5.744361638378166907e-02
-5.744139830186276163e-02
-5.743919131035344489e-02
-5.743699535380168003e-02
-5.743481037703267178e-02
-5.743263632514750833e-02
-5.743047314352177357e-02
-5.742832077780416627e-02
-5.742617917391514698e-02
-5.742404827804557105e-02
-5.742192803665534251e-02
-5.741981839647206792e-02
-5.741771930448971023e-02
-5.741563070796726342e-02
-5.741355255442742722e-02
-5.741148479165528867e-02
-5.740942736769701071e-02
-5.740738023085852765e-02
-5.740534332970423370e-02
-5.740331661305571320e-02
-5.740130002999043607e-02
-5.739929352984048105e-02
-5.739729706219127980e-02
-5.739531057688032623e-02
-5.739333402399592748e-02
-5.739136735387594807e-02
-5.738941051710656771e-02
-5.738746346452103242e-02
-5.738552614719842626e-02
-5.738359851646243626e-02
-5.738168052388012419e-02
-5.737977212126072618e-02
-5.737787326065442450e-02
-5.737598389435115409e-02
-5.737410397487939517e-02
-5.737223345500500060e-02
-5.737037228772997460e-02
-5.736852042629132786e-02
-5.736667782415987016e-02
-5.736484443503907238e-02
-5.736302021286387998e-02
-5.736120511179956111e-02
-5.735939908624056172e-02
-5.735760209080936062e-02
-5.735581408035531070e-02
-5.735403500995353565e-02
-5.735226483490377114e-02
-5.735050351072925462e-02
-5.734875099317560815e-02
-5.734700723820972817e-02
-5.734527220201868225e-02
-5.734354584100859187e-02
-5.734182811180354999e-02
-5.734011897124453166e-02
-5.733841837638831151e-02
-5.733672628450636743e-02
-5.733504265308383280e-02
-5.733336743981841399e-02
-5.733170060261932183e-02
-5.733004209960622377e-02
-5.732839188910818923e-02
-5.732674992966264871e-02
-5.732511618001433218e-02
-5.732349059911426292e-02
-5.732187314611868895e-02
-5.732026378038809766e-02
-5.731866246148615424e-02
-5.731706914917872320e-02
-5.731548380343282761e-02
-5.731390638441566376e-02
-5.731233685249358806e-02
-5.731077516823111784e-02
-5.730922129238995993e-02
-5.730767518592801146e-02
-5.730613680999837450e-02
-5.730460612594838465e-02
-5.730308309531863958e-02
-5.730156767984204841e-02
-5.730005984144283943e-02
-5.729855954223562337e-02
-5.729706674452444276e-02
-5.729558141080182132e-02
-5.729410350374781330e-02
-5.729263298622907369e-02
-5.729116982129792840e-02
-5.728971397219143752e-02
-5.728826540233047937e-02
-5.728682407531882764e-02
-5.728538995494223546e-02
-5.728396300516752637e-02
-5.728254319014168539e-02
-5.728113047419097770e-02
-5.727972482182002584e-02
-5.727832619771092842e-02
-5.727693456672237199e-02
-5.727554989388876361e-02
-5.727417214441932192e-02
-5.727280128369722362e-02
-5.727143727727873612e-02
-5.727008009089234325e-02
-5.726872969043788481e-02
-5.726738604198569615e-02
-5.726604911177576862e-02
-5.726471886621688906e-02
-5.726339527188580719e-02
-5.726207829552637518e-02
-5.726076790404874273e-02
-5.725946406452849663e-02
-5.725816674420585589e-02
-5.725687591048482517e-02
-5.725559153093240372e-02
-5.725431357327773890e-02
-5.725304200541134897e-02
-5.725177679538429043e-02
-5.725051791140736701e-02
-5.724926532185033168e-02
-5.724801899524108173e-02
-5.724677890026487470e-02
-5.724554500576355121e-02
-5.724431728073473002e-02
-5.724309569433105871e-02
-5.724188021585940173e-02
-5.724067081478010494e-02
-5.723946746070620456e-02
-5.723827012340267084e-02
-5.723707877278565864e-02
-5.723589337892173029e-02
-5.723471391202712005e-02
-5.723354034246698474e-02
-5.723237264075464736e-02
-5.723121077755087549e-02
-5.723005472366311797e-02
-5.722890445004480409e-02
-5.722775992779458032e-02
-5.722662112815560947e-02
-5.722548802251482825e-02
-5.722436058240225332e-02
-5.722323877949023890e-02
-5.722212258559278980e-02
-5.722101197266482586e-02
-5.721990691280150199e-02
-5.721880737823749341e-02
-5.721771334134630876e-02
-5.721662477463957536e-02
-5.721554165076637999e-02
-5.721446394251254730e-02
-5.721339162279998752e-02
-5.721232466468598871e-02
-5.721126304136255752e-02
-5.721020672615574620e-02
-5.720915569252496558e-02
-5.720810991406233975e-02
-5.720706936449202612e-02
-5.720603401766956309e-02
-5.720500384758121781e-02
-5.720397882834331316e-02
-5.720295893420159622e-02
-5.720194413953058610e-02
-5.720093441883293550e-02
-5.719992974673877156e-02
-5.719893009800507827e-02
-5.719793544751505115e-02
-5.719694577027747279e-02
-5.719596104142608828e-02
-5.719498123621895996e-02
-5.719400633003786372e-02
-5.719303629838767139e-02
-5.719207111689573325e-02
-5.719111076131125349e-02
-5.719015520750470039e-02
-5.718920443146717492e-02
-5.718825840930984172e-02
-5.718731711726329076e-02
-5.718638053167697521e-02
-5.718544862901858705e-02
-5.718452138587349493e-02
-5.718359877894412663e-02
-5.718268078504940705e-02
-5.718176738112416141e-02
-5.718085854421853936e-02
-5.717995425149744598e-02
-5.717905448023995890e-02
-5.717815920783875933e-02
-5.717726841179956304e-02
-5.717638206974056531e-02
-5.717550015939186492e-02
-5.717462265859490217e-02
-5.717374954530192455e-02
-5.717288079757541774e-02
-5.717201639358754361e-02
-5.717115631161960587e-02
-5.717030053006150886e-02
-5.716944902741120244e-02
-5.716860178227414768e-02
-5.716775877336277567e-02
-5.716691997949596010e-02
-5.716608537959848302e-02
-5.716525495270049356e-02
-5.716442867793699451e-02
-5.716360653454730795e-02
-5.716278850187456878e-02
-5.716197455936519733e-02
-5.716116468656837202e-02
-5.716035886313552972e-02
-5.715955706881985232e-02
-5.715875928347575324e-02
-5.715796548705837782e-02
-5.715717565962308289e-02
-5.715638978132496495e-02
-5.715560783241833975e-02
-5.715482979325624963e-02
-5.715405564428997082e-02
-5.715328536606852083e-02
-5.715251893923817966e-02
-5.715175634454199016e-02
-5.715099756281927929e-02
-5.715024257500518623e-02
-5.714949136213016284e-02
-5.714874390531950871e-02
-5.714800018579291319e-02
-5.714726018486394887e-02
-5.714652388393962751e-02
-5.714579126451992813e-02
-5.714506230819732524e-02
-5.714433699665633776e-02
-5.714361531167305719e-02
-5.714289723511468966e-02
-5.714218274893911875e-02
-5.714147183519441980e-02
-5.714076447601845049e-02
-5.714006065363835818e-02
-5.713936035037016359e-02
-5.713866354861830976e-02
-5.713797023087521798e-02
-5.713728037972084367e-02
-5.713659397782223925e-02
-5.713591100793313088e-02
-5.713523145289346739e-02
-5.713455529562899704e-02
-5.713388251915085120e-02
-5.713321310655510021e-02
-5.713254704102232323e-02
-5.713188430581721267e-02
-5.713122488428812318e-02
-5.713056875986668309e-02
-5.712991591606735031e-02
-5.712926633648701680e-02
-5.712862000480457836e-02
-5.712797690478055301e-02
-5.712733702025665078e-02
-5.712670033515536427e-02
-5.712606683347958708e-02
-5.712543649931219047e-02
-5.712480931681562790e-02
-5.712418527023154641e-02
-5.712356434388039111e-02
-5.712294652216098889e-02
-5.712233178955018059e-02
-5.712172013060243247e-02
-5.712111152994941987e-02
-5.712050597229967330e-02
-5.711990344243817602e-02
-5.711930392522598238e-02
-5.711870740559985005e-02
-5.711811386857185147e-02
-5.711752329922899218e-02
-5.711693568273285004e-02
-5.711635100431918660e-02
-5.711576924929759325e-02
-5.711519040305110262e-02
-5.711461445103584861e-02
-5.711404137878067083e-02
-5.711347117188676770e-02
-5.711290381602733557e-02
-5.711233929694720102e-02
-5.711177760046246693e-02
-5.711121871246015169e-02
-5.711066261889784917e-02
-5.711010930580336098e-02
-5.710955875927434255e-02
-5.710901096547797012e-02
-5.710846591065057987e-02
-5.710792358109732791e-02
-5.710738396319184340e-02
-5.710684704337588152e-02
-5.710631280815900435e-02
-5.710578124411820611e-02
-5.710525233789761484e-02
-5.710472607620812463e-02
-5.710420244582708332e-02
-5.710368143359794563e-02
-5.710316302642995390e-02
-5.710264721129780507e-02
-5.710213397524131762e-02
-5.710162330536511233e-02
-5.710111518883828619e-02
-5.710060961289409320e-02
-5.710010656482962521e-02
-5.709960603200547880e-02
-5.709910800184544999e-02
-5.709861246183622202e-02
-5.709811939952703919e-02
-5.709762880252940154e-02
-5.709714065851675263e-02
-5.709665495522416728e-02
-5.709617168044804625e-02
-5.709569082204580398e-02
-5.709521236793557719e-02
-5.709473630609589873e-02
-5.709426262456542001e-02
-5.709379131144259184e-02
-5.709332235488537993e-02
-5.709285574311095263e-02
-5.709239146439539642e-02
-5.709192950707341757e-02
-5.709146985953805070e-02
-5.709101251024036039e-02
-5.709055744768915669e-02
-5.709010466045071064e-02
-5.708965413714845588e-02
-5.708920586646271111e-02
-5.708875983713039559e-02
-5.708831603794474463e-02
-5.708787445775501818e-02
-5.708743508546624407e-02
-5.708699791003891272e-02
-5.708656292048872039e-02
-5.708613010588627773e-02
-5.708569945535684614e-02
-5.708527095808006019e-02
-5.708484460328965698e-02
-5.708442038027320559e-02
-5.708399827837183638e-02
-5.708357828697997738e-02
-5.708316039554507670e-02
-5.708274459356735275e-02
-5.708233087059951666e-02
-5.708191921624652249e-02
-5.708150962016528968e-02
-5.708110207206446018e-02
-5.708069656170413481e-02
-5.708029307889561643e-02
-5.707989161350113944e-02
-5.707949215543363375e-02
-5.707909469465646812e-02
-5.707869922118318645e-02
-5.707830572507727185e-02
-5.707791419645188297e-02
-5.707752462546962502e-02
-5.707713700234227916e-02
-5.707675131733056656e-02
-5.707636756074391249e-02
-5.707598572294018957e-02
-5.707560579432548881e-02
-5.707522776535386283e-02
-5.707485162652709693e-02
-5.707447736839445923e-02
-5.707410498155248563e-02
-5.707373445664472300e-02
-5.707336578436150026e-02
-5.707299895543969243e-02
-5.707263396066249161e-02
-5.707227079085917809e-02
-5.707190943690488433e-02
-5.707154988972035908e-02
-5.707119214027175924e-02
-5.707083617957040000e-02
-5.707048199867254673e-02
-5.707012958867918595e-02
-5.706977894073578944e-02
-5.706943004603211300e-02
-5.706908289580195359e-02
-5.706873748132294116e-02
-5.706839379391632355e-02
-5.706805182494674444e-02
-5.706771156582200744e-02
-5.706737300799289564e-02
-5.706703614295292881e-02
-5.706670096223816213e-02
-5.706636745742697109e-02
-5.706603562013983638e-02
-5.706570544203913575e-02
-5.706537691482894276e-02
-5.706505003025479777e-02
-5.706472478010352067e-02
-5.706440115620300263e-02
-5.706407915042199103e-02
-5.706375875466988129e-02
-5.706343996089652953e-02
-5.706312276109204440e-02
-5.706280714728658582e-02
-5.706249311155014992e-02
-5.706218064599240247e-02
-5.706186974276244300e-02
-5.706156039404863128e-02
-5.706125259207838613e-02
-5.706094632911799108e-02
-5.706064159747240017e-02
-5.706033838948503661e-02
-5.706003669753761248e-02
-5.705973651404992741e-02
-5.705943783147967435e-02
-5.705914064232227301e-02
-5.705884493911066169e-02
-5.705855071441510995e-02
-5.705825796084303125e-02
-5.705796667103881642e-02
-5.705767683768362547e-02
-5.705738845349520721e-02
-5.705710151122773272e-02
-5.705681600367159406e-02
-5.705653192365323784e-02
-5.705624926403497083e-02
-5.705596801771479348e-02
-5.705568817762621953e-02
-5.705540973673808858e-02
-5.705513268805439964e-02
-5.705485702461413067e-02
-5.705458273949105819e-02
-5.705430982579360460e-02
-5.705403827666463701e-02
-5.705376808528131449e-02
-5.705349924485490776e-02
-5.705323174863063257e-02
-5.705296558988747629e-02
-5.705270076193803830e-02
-5.705243725812834954e-02
-5.705217507183770603e-02
-5.705191419647851619e-02
-5.705165462549612043e-02
-5.705139635236863849e-02
-5.705113937060679596e-02
-5.705088367375376474e-02
-5.705062925538499641e-02
-5.705037610910806967e-02
-5.705012422856253068e-02
-5.704987360741971963e-02
-5.704962423938261806e-02
-5.704937611818570314e-02
-5.704912923759477422e-02
-5.704888359140680015e-02
-5.704863917344976665e-02
-5.704839597758251668e-02
-5.704815399769460477e-02
-5.704791322770613043e-02
-5.704767366156759945e-02
-5.704743529325976420e-02
-5.704719811679346414e-02
-5.704696212620949392e-02
-5.704672731557844378e-02
-5.704649367900055390e-02
-5.704626121060554778e-02
-5.704602990455252126e-02
-5.704579975502976213e-02
-5.704557075625461132e-02
-5.704534290247333800e-02
-5.704511618796097305e-02
-5.704489060702117031e-02
-5.704466615398606777e-02
-5.704444282321613491e-02
-5.704422060910005476e-02
-5.704399950605455738e-02
-5.704377950852428797e-02
-5.704356061098166814e-02
-5.704334280792675710e-02
-5.704312609388712679e-02
-5.704291046341768839e-02
-5.704269591110060211e-02
-5.704248243154509679e-02
-5.704227001938737274e-02
-5.704205866929043522e-02
-5.704184837594398344e-02
-5.704163913406426478e-02
-5.704143093839394302e-02
-5.704122378370197338e-02
-5.704101766478346380e-02
-5.704081257645954306e-02
-5.704060851357724282e-02
-5.704040547100935887e-02
-5.704020344365431233e-02
-5.704000242643603863e-02
-5.703980241430385567e-02
-5.703960340223233894e-02
-5.703940538522117576e-02
-5.703920835829506819e-02
-5.703901231650359421e-02
-5.703881725492107591e-02
-5.703862316864646842e-02
-5.703843005280323508e-02
-5.703823790253921555e-02
-5.703804671302652174e-02
-5.703785647946139209e-02
-5.703766719706408750e-02
-5.703747886107876641e-02
-5.703729146677337380e-02
-5.703710500943950934e-02
-5.703691948439230941e-02
-5.703673488697034999e-02
-5.703655121253550092e-02
-5.703636845647282183e-02
-5.703618661419045804e-02
-5.703600568111950875e-02
-5.703582565271390903e-02
-5.703564652445033967e-02
-5.703546829182808836e-02
-5.703529095036894564e-02
-5.703511449561710078e-02
-5.703493892313901692e-02
-5.703476422852332001e-02
-5.703459040738070168e-02
-5.703441745534380131e-02
-5.703424536806708106e-02
-5.703407414122674268e-02
-5.703390377052060950e-02
-5.703373425166800847e-02
-5.703356558040966612e-02
-5.703339775250761828e-02
-5.703323076374507833e-02
-5.703306460992635385e-02
-5.703289928687672178e-02
-5.703273479044233818e-02
-5.703257111649012723e-02
-5.703240826090767712e-02
-5.703224621960313601e-02
-5.703208498850512176e-02
-5.703192456356259710e-02
-5.703176494074478631e-02
-5.703160611604106423e-02
-5.703144808546085909e-02
-5.703129084503355539e-02
-5.703113439080838981e-02
-5.703097871885434711e-02
-5.703082382526007688e-02
-5.703066970613377556e-02
-5.703051635760311017e-02
-5.703036377581509331e-02
-5.703021195693602080e-02
-5.703006089715133980e-02
-5.702991059266558638e-02
-5.702976103970226057e-02
-5.702961223450375011e-02
-5.702946417333123325e-02
-5.702931685246457466e-02
-5.702917026820224916e-02
-5.702902441686123758e-02
-5.702887929477692963e-02
-5.702873489830304760e-02
-5.702859122381153528e-02
-5.702844826769247477e-02
-5.702830602635401008e-02
-5.702816449622224310e-02
-5.702802367374112946e-02
-5.702788355537242310e-02
-5.702774413759555822e-02
-5.702760541690757995e-02
-5.702746738982304026e-02
-5.702733005287392853e-02
-5.702719340260956060e-02
-5.702705743559651624e-02
-5.702692214841853513e-02
-5.702678753767644049e-02
-5.702665359998805583e-02
-5.702652033198811476e-02
-5.702638773032817077e-02
-5.702625579167652781e-02
-5.702612451271814320e-02
-5.702599389015455128e-02
-5.702586392070378013e-02
-5.702573460110026138e-02
-5.702560592809476081e-02
-5.702547789845428816e-02
-5.702535050896201385e-02
-5.702522375641720653e-02
-5.702509763763512207e-02
-5.702497214944694803e-02
-5.702484728869971348e-02
-5.702472305225621263e-02
-5.702459943699492856e-02
-5.702447643980995684e-02
-5.702435405761090842e-02
-5.702423228732285410e-02
-5.702411112588624126e-02
-5.702399057025681062e-02
-5.702387061740552682e-02
-5.702375126431850211e-02
-5.702363250799691308e-02
-5.702351434545693126e-02
-5.702339677372964682e-02
-5.702327978986099916e-02
-5.702316339091169362e-02
-5.702304757395713214e-02
-5.702293233608734385e-02
-5.702281767440690874e-02
-5.702270358603487438e-02
-5.702259006810470043e-02
-5.702247711776417538e-02
-5.702236473217535406e-02
-5.702225290851447442e-02
-5.702214164397190199e-02
-5.702203093575203968e-02
-5.702192078107327922e-02
-5.702181117716791092e-02
-5.702170212128206822e-02
-5.702159361067565824e-02
-5.702148564262227853e-02
-5.702137821440916854e-02
-5.702127132333711934e-02
-5.702116496672043205e-02
-5.702105914188682761e-02
-5.702095384617739127e-02
-5.702084907694650318e-02
-5.702074483156176904e-02
-5.702064110740395764e-02
-5.702053790186693838e-02
-5.702043521235760498e-02
-5.702033303629581995e-02
-5.702023137111433826e-02
-5.702013021425876571e-02
-5.702002956318746874e-02
-5.701992941537153275e-02
-5.701982976829467198e-02
-5.701973061945320165e-02
-5.701963196635593395e-02
-5.701953380652415720e-02
-5.701943613749153872e-02
-5.701933895680408315e-02
-5.701924226202006313e-02
-5.701914605070996372e-02
-5.701905032045641308e-02
-5.701895506885413384e-02
-5.701886029350985985e-02
-5.701876599204230844e-02
-5.701867216208209715e-02
-5.701857880127168821e-02
-5.701848590726533300e-02
-5.701839347772900968e-02
-5.701830151034036759e-02
-5.701821000278866486e-02
-5.701811895277471981e-02
-5.701802835801084851e-02
-5.701793821622079539e-02
-5.701784852513969160e-02
-5.701775928251399256e-02
-5.701767048610142247e-02
-5.701758213367091876e-02
-5.701749422300256276e-02
-5.701740675188755186e-02
-5.701731971812811633e-02
-5.701723311953747764e-02
-5.701714695393979293e-02
-5.701706121917009262e-02
-5.701697591307423874e-02
-5.701689103350886939e-02
-5.701680657834132249e-02
-5.701672254544961488e-02
-5.701663893272236605e-02
-5.701655573805875649e-02
-5.701647295936846521e-02
-5.701639059457162123e-02
-5.701630864159876189e-02
-5.701622709839077041e-02
-5.701614596289881348e-02
-5.701606523308432040e-02
-5.701598490691889981e-02
-5.701590498238430504e-02
-5.701582545747238551e-02
-5.701574633018502425e-02
-5.701566759853409633e-02
-5.701558926054142717e-02
-5.701551131423872321e-02
-5.701543375766753019e-02
-5.701535658887919161e-02
-5.701527980593479317e-02
-5.701520340690512112e-02
-5.701512738987059292e-02
-5.701505175292124333e-02
-5.701497649415663421e-02
-5.701490161168585452e-02
-5.701482710362742318e-02
-5.701475296810928906e-02
-5.701467920326874078e-02
-5.701460580725239979e-02
-5.701453277821613708e-02
-5.701446011432505928e-02
-5.701438781375343240e-02
-5.701431587468466788e-02
-5.701424429531124632e-02
-5.701417307383468969e-02
-5.701410220846551968e-02
-5.701403169742319532e-02
-5.701396153893607821e-02
-5.701389173124139786e-02
-5.701382227258518925e-02
-5.701375316122226505e-02
-5.701368439541615318e-02
-5.701361597343906906e-02
-5.701354789357187397e-02
-5.701348015410401260e-02
-5.701341275333349223e-02
-5.701334568956682725e-02
-5.701327896111899052e-02
-5.701321256631339263e-02
-5.701314650348182633e-02
-5.701308077096441801e-02
-5.701301536710959295e-02
-5.701295029027404759e-02
-5.701288553882268018e-02
-5.701282111112856987e-02
-5.701275700557292825e-02
-5.701269322054506455e-02
-5.701262975444233716e-02
-5.701256660567012580e-02
-5.701250377264177605e-02
-5.701244125377856464e-02
-5.701237904750967173e-02
-5.701231715227212532e-02
-5.701225556651076665e-02
-5.701219428867821543e-02
-5.701213331723482131e-02
-5.701207265064864999e-02
-5.701201228739540688e-02
-5.701195222595843021e-02
-5.701189246482863543e-02
-5.701183300250449448e-02
-5.701177383749197330e-02
-5.701171496830451102e-02
-5.701165639346298525e-02
-5.701159811149567047e-02
-5.701154012093818946e-02
-5.701148242033349939e-02
-5.701142500823182940e-02
-5.701136788319067367e-02
-5.701131104377472197e-02
-5.701125448855584588e-02
-5.701119821611306399e-02
-5.701114222503250034e-02
-5.701108651390733584e-02
-5.701103108133780129e-02
-5.701097592593111496e-02
-5.701092104630146179e-02
-5.701086644106995172e-02
-5.701081210886459888e-02
-5.701075804832027305e-02
-5.701070425807867187e-02
-5.701065073678827921e-02
-5.701059748310433745e-02
-5.701054449568881272e-02
-5.701049177321036721e-02
-5.701043931434431750e-02
-5.701038711777259294e-02
-5.701033518218372870e-02
-5.701028350627281027e-02
-5.701023208874144571e-02
-5.701018092829773787e-02
-5.701013002365624971e-02
-5.701007937353796962e-02
-5.701002897667027669e-02
-5.700997883178692688e-02
-5.700992893762799052e-02
-5.700987929293985235e-02
-5.700982989647515597e-02
-5.700978074699278308e-02
-5.700973184325781873e-02
-5.700968318404153051e-02
-5.700963476812132003e-02
-5.700958659428071590e-02
-5.700953866130931136e-02
-5.700949096800276422e-02
-5.700944351316274833e-02
-5.700939629559693272e-02
-5.700934931411894696e-02
-5.700930256754835335e-02
-5.700925605471061225e-02
-5.700920977443706128e-02
-5.700916372556487366e-02
-5.700911790693705128e-02
-5.700907231740236919e-02
-5.700902695581535479e-02
-5.700898182103628087e-02
-5.700893691193109625e-02
-5.700889222737143963e-02
-5.700884776623458411e-02
-5.700880352740340939e-02
-5.700875950976639489e-02
-5.700871571221756418e-02
-5.700867213365647806e-02
-5.700862877298819298e-02
-5.700858562912325400e-02
-5.700854270097763937e-02
-5.700849998747275355e-02
-5.700845748753539249e-02
-5.700841520009771596e-02
-5.700837312409722663e-02
-5.700833125847674238e-02
-5.700828960218436159e-02
-5.700824815417344232e-02
-5.700820691340257457e-02
-5.700816587883555941e-02
-5.700812504944138132e-02
-5.700808442419417338e-02
-5.700804400207320349e-02
-5.700800378206283964e-02
-5.700796376315252212e-02
-5.700792394433675664e-02
-5.700788432461507266e-02
-5.700784490299199564e-02
-5.700780567847703317e-02
-5.700776665008464722e-02
-5.700772781683422635e-02
-5.700768917775005801e-02
-5.700765073186130766e-02
-5.700761247820199801e-02
-5.700757441581098817e-02
-5.700753654373193202e-02
-5.700749886101327130e-02
-5.700746136670820780e-02
-5.700742405987466871e-02
-5.700738693957529274e-02
-5.700735000487741622e-02
-5.700731325485303147e-02
-5.700727668857876601e-02
-5.700724030513587559e-02
-5.700720410361019563e-02
-5.700716808309214123e-02
-5.700713224267667939e-02
-5.700709658146329434e-02
-5.700706109855598058e-02
-5.700702579306320128e-02
-5.700699066409788823e-02
-5.700695571077740026e-02
-5.700692093222351625e-02
-5.700688632756240048e-02
-5.700685189592458874e-02
-5.700681763644496747e-02
-5.700678354826274608e-02
-5.700674963052142913e-02
-5.700671588236882331e-02
-5.700668230295698191e-02
-5.700664889144219788e-02
-5.700661564698498995e-02
-5.700658256875006796e-02
-5.700654965590631895e-02
-5.700651690762678636e-02
-5.700648432308864921e-02
-5.700645190147320823e-02
-5.700641964196584421e-02
-5.700638754375601802e-02
-5.700635560603723589e-02
-5.700632382800704945e-02
-5.700629220886701404e-02
-5.700626074782268182e-02
-5.700622944408356707e-02
-5.700619829686314616e-02
-5.700616730537882981e-02
-5.700613646885193536e-02
-5.700610578650767285e-02
-5.700607525757513117e-02
-5.700604488128725722e-02
-5.700601465688082126e-02
-5.700598458359641685e-02
-5.700595466067843314e-02
-5.700592488737504099e-02
-5.700589526293816517e-02
-5.700586578662347748e-02
-5.700583645769036201e-02
-5.700580727540190823e-02
-5.700577823902489710e-02
-5.700574934782977332e-02
-5.700572060109062450e-02
-5.700569199808517423e-02
-5.700566353809474740e-02
-5.700563522040427711e-02
-5.700560704430225611e-02
-5.700557900908074377e-02
-5.700555111403533826e-02
-5.700552335846516272e-02
-5.700549574167283751e-02
-5.700546826296447323e-02
-5.700544092164964993e-02
-5.700541371704140325e-02
-5.700538664845619663e-02
-5.700535971521391437e-02
-5.700533291663784780e-02
-5.700530625205466051e-02
-5.700527972079438843e-02
-5.700525332219041896e-02
-5.700522705557947017e-02
-5.700520092030156999e-02
-5.700517491570006312e-02
-5.700514904112156250e-02
-5.700512329591595623e-02
-5.700509767943637979e-02
-5.700507219103919526e-02
-5.700504683008399825e-02
-5.700502159593357626e-02
-5.700499648795390867e-02
-5.700497150551413900e-02
-5.700494664798656796e-02
-5.700492191474663267e-02
-5.700489730517289966e-02
-5.700487281864703715e-02
-5.700484845455380117e-02
-5.700482421228103558e-02
-5.700480009121963038e-02
-5.700477609076353563e-02
-5.700475221030971984e-02
-5.700472844925816990e-02
-5.700470480701187725e-02
-5.700468128297681708e-02
-5.700465787656193439e-02
-5.700463458717912324e-02
-5.700461141424322670e-02
-5.700458835717200912e-02
-5.700456541538614919e-02
-5.700454258830921911e-02
-5.700451987536767073e-02
-5.700449727599083555e-02
-5.700447478961088305e-02
-5.700445241566282767e-02
-5.700443015358451493e-02
-5.700440800281659365e-02
-5.700438596280250902e-02
-5.700436403298849569e-02
-5.700434221282354996e-02
-5.700432050175942983e-02
