-6.495249999999999635e-02
-6.490523749999999037e-02
-6.485821131249999705e-02
-6.481142025593750189e-02
-6.476486315465782018e-02
-6.471853883888453729e-02
-6.467244614469011554e-02
-6.462658391396666757e-02
-6.458095099439684073e-02
-6.453554623942485413e-02
-6.449036850822773004e-02
-6.444541666568659455e-02
-6.440068958235815877e-02
-6.435618613444636649e-02
-6.431190520377413899e-02
-6.426784567775527257e-02
-6.422400644936650249e-02
-6.418038641711966419e-02
-6.413698448503406258e-02
-6.409379956260889688e-02
-6.405083056479585202e-02
-6.400807641197187037e-02
-6.396553602991200682e-02
-6.392320834976245036e-02
-6.388109230801364280e-02
-6.383918684647357789e-02
-6.379749091224121149e-02
-6.375600345768001054e-02
-6.371472344039161295e-02
-6.367364982318965416e-02
-6.363278157407370461e-02
-6.359211766620333217e-02
-6.355165707787231721e-02
-6.351139879248295095e-02
-6.347134179852054192e-02
-6.343148508952793641e-02
-6.339182766408030245e-02
-6.335236852575990008e-02
-6.331310668313110124e-02
-6.327404114971545146e-02
-6.323517094396687022e-02
-6.319649508924703174e-02
-6.315801261380080134e-02
-6.311972255073179661e-02
-6.308162393797814294e-02
-6.304371581828825677e-02
-6.300599723919680928e-02
-6.296846725300082881e-02
-6.293112491673583109e-02
-6.289396929215215759e-02
-6.285699944569139719e-02
-6.282021444846294655e-02
-6.278361337622062610e-02
-6.274719530933951794e-02
-6.271095933279281776e-02
-6.267490453612885315e-02
-6.263903001344821309e-02
-6.260333486338097442e-02
-6.256781818906406722e-02
-6.253247909811875116e-02
-6.249731670262815425e-02
-6.246233011911501293e-02
-6.242751846851943981e-02
-6.239288087617684414e-02
-6.235841647179596325e-02
-6.232412438943698424e-02
-6.229000376748979745e-02
-6.225605374865234715e-02
-6.222227347990908625e-02
-6.218866211250954207e-02
-6.215521880194699311e-02
-6.212194270793725687e-02
-6.208883299439756781e-02
-6.205588882942558032e-02
-6.202310938527845485e-02
-6.199049383835206206e-02
-6.195804136916030491e-02
-6.192575116231450322e-02
-6.189362240650293084e-02
-6.186165429447041536e-02
-6.182984602299806259e-02
-6.179819679288307138e-02
-6.176670580891865936e-02
-6.173537227987406506e-02
-6.170419541847469574e-02
-6.167317444138232380e-02
-6.164230856917541496e-02
-6.161159702632953983e-02
-6.158103904119788946e-02
-6.155063384599190196e-02
-6.152038067676194460e-02
-6.149027877337813475e-02
-6.146032737951124397e-02
-6.143052574261368554e-02
-6.140087311390061975e-02
-6.137136874833111488e-02
-6.134201190458946074e-02
-6.131280184506651687e-02
-6.128373783584118578e-02
-6.125481914666198319e-02
-6.122604505092867078e-02
-6.119741482567402774e-02
-6.116892775154565698e-02
-6.114058311278793012e-02
-6.111238019722398801e-02
-6.108431829623786613e-02
-6.105639670475667552e-02
-6.102861472123289471e-02
-6.100097164762673108e-02
-6.097346678938860010e-02
-6.094609945544166019e-02
-6.091886895816445158e-02
-6.089177461337363234e-02
-6.086481574030676300e-02
-6.083799166160522992e-02
-6.081130170329720336e-02
-6.078474519478072047e-02
-6.075832146880681683e-02
-6.073202986146278293e-02
-6.070586971215546912e-02
-6.067984036359469480e-02
-6.065394116177671990e-02
-6.062817145596783447e-02
-6.060253059868799669e-02
-6.057701794569455428e-02
-6.055163285596608380e-02
-6.052637469168625078e-02
-6.050124281822782252e-02
-6.047623660413668084e-02
-6.045135542111599453e-02
-6.042659864401041248e-02
-6.040196565079036101e-02
-6.037745582253641052e-02
-6.035306854342372546e-02
-6.032880320070660440e-02
-6.030465918470306885e-02
-6.028063588877955598e-02
-6.025673270933566000e-02
-6.023294904578898462e-02
-6.020928430056003700e-02
-6.018573787905723976e-02
-6.016230918966195690e-02
-6.013899764371364448e-02
-6.011580265549507779e-02
-6.009272364221759921e-02
-6.006976002400651188e-02
-6.004691122388648022e-02
-6.002417666776704852e-02
-6.000155578442821491e-02
-5.997904800550607485e-02
-5.995665276547854777e-02
-5.993436950165115240e-02
-5.991219765414289994e-02
-5.989013666587218732e-02
-5.986818598254282919e-02
-5.984634505263011772e-02
-5.982461332736696558e-02
-5.980299026073013224e-02
-5.978147530942648502e-02
-5.976006793287935021e-02
-5.973876759321495450e-02
-5.971757375524888029e-02
-5.969648588647263887e-02
-5.967550345704027842e-02
-5.965462593975507516e-02
-5.963385281005630090e-02
-5.961318354600601832e-02
-5.959261762827598730e-02
-5.957215454013460587e-02
-5.955179376743393455e-02
-5.953153479859676217e-02
-5.951137712460377593e-02
-5.949132023898075911e-02
-5.947136363778585816e-02
-5.945150681959692623e-02
-5.943174928549894293e-02
-5.941209053907144794e-02
-5.939253008637609271e-02
-5.937306743594421288e-02
-5.935370209876449088e-02
-5.933443358827066721e-02
-5.931526142032931409e-02
-5.929618511322766461e-02
-5.927720418766152521e-02
-5.925831816672321589e-02
-5.923952657588960058e-02
-5.922082894301015227e-02
-5.920222479829510137e-02
-5.918371367430362573e-02
-5.916529510593211000e-02
-5.914696863040244668e-02
-5.912873378725043427e-02
-5.911059011831418242e-02
-5.909253716772261411e-02
-5.907457448188400267e-02
-5.905670160947458502e-02
-5.903891810142720964e-02
-5.902122351092007474e-02
-5.900361739336547340e-02
-5.898609930639864274e-02
-5.896866880986664783e-02
-5.895132546581731414e-02
-5.893406883848822941e-02
-5.891689849429578713e-02
-5.889981400182430632e-02
-5.888281493181518611e-02
-5.886590085715610876e-02
-5.884907135287032603e-02
-5.883232599610597330e-02
-5.881566436612544607e-02
-5.879908604429481822e-02
-5.878259061407334340e-02
-5.876617766100297735e-02
-5.874984677269796257e-02
-5.873359753883447554e-02
-5.871742955114030160e-02
-5.870134240338460013e-02
-5.868533569136767658e-02
-5.866940901291083782e-02
-5.865356196784628218e-02
-5.863779415800705191e-02
-5.862210518721701347e-02
-5.860649466128092788e-02
-5.859096218797452127e-02
-5.857550737703464544e-02
-5.856012984014947326e-02
-5.854482919094872867e-02
-5.852960504499398614e-02
-5.851445701976901864e-02
-5.849938473467017341e-02
-5.848438781099682404e-02
-5.846946587194184336e-02
-5.845461854258213186e-02
-5.843984544986922242e-02
-5.842514622261987811e-02
-5.841052049150678022e-02
-5.839596788904924396e-02
-5.838148804960399674e-02
-5.836708060935597714e-02
-5.835274520630919642e-02
-5.833848148027764857e-02
-5.832428907287626196e-02
-5.831016762751187882e-02
-5.829611678937431790e-02
-5.828213620542744416e-02
-5.826822552440030778e-02
-5.825438439677830399e-02
-5.824061247479440928e-02
-5.822690941242043838e-02
-5.821327486535833595e-02
-5.819970849103154459e-02
-5.818620994857638673e-02
-5.817277889883350206e-02
-5.815941500433933348e-02
-5.814611792931763390e-02
-5.813288733967104244e-02
-5.811972290297268834e-02
-5.810662428845782268e-02
-5.809359116701553333e-02
-5.808062321118045296e-02
-5.806772009512455035e-02
-5.805488149464892861e-02
-5.804210708717568584e-02
-5.802939655173981054e-02
-5.801674956898111163e-02
-5.800416582113620406e-02
-5.799164499203052214e-02
-5.797918676707036756e-02
-5.796679083323501291e-02
-5.795445687906883997e-02
-5.794218459467349869e-02
-5.792997367170012873e-02
-5.791782380334162955e-02
-5.790573468432492349e-02
-5.789370601090330221e-02
-5.788173748084878695e-02
-5.786982879344454433e-02
-5.785797964947732297e-02
-5.784618975122993861e-02
-5.783445880247378712e-02
-5.782278650846141982e-02
-5.781117257591911196e-02
-5.779961671303951443e-02
-5.778811862947431932e-02
-5.777667803632694637e-02
-5.776529464614531262e-02
-5.775396817291458818e-02
-5.774269833205001451e-02
-5.773148484038976430e-02
-5.772032741618781521e-02
-5.770922577910687912e-02
-5.769817965021134532e-02
-5.768718875196028606e-02
-5.767625280820048300e-02
-5.766537154415948135e-02
-5.765454468643868569e-02
-5.764377196300649042e-02
-5.763305310319145891e-02
-5.762238783767550249e-02
-5.761177589848712199e-02
-5.760121701899468399e-02
-5.759071093389971085e-02
-5.758025737923021248e-02
-5.756985609233405965e-02
-5.755950681187239210e-02
-5.754920927781303347e-02
-5.753896323142396879e-02
-5.752876841526684965e-02
-5.751862457319051325e-02
-5.750853145032456398e-02
-5.749848879307294103e-02
-5.748849634910757622e-02
-5.747855386736203803e-02
-5.746866109802523104e-02
-5.745881779253510235e-02
-5.744902370357242438e-02
-5.743927858505456369e-02
-5.742958219212929150e-02
-5.741993428116864279e-02
-5.741033460976279618e-02
-5.740078293671398157e-02
-5.739127902203040865e-02
-5.738182262692025776e-02
-5.737241351378565696e-02
-5.736305144621672847e-02
-5.735373618898564202e-02
-5.734446750804071680e-02
-5.733524517050051644e-02
-5.732606894464801345e-02
-5.731693859992477436e-02
-5.730785390692515191e-02
-5.729881463739052577e-02
-5.728982056420357100e-02
-5.728087146138255425e-02
-5.727196710407564395e-02
-5.726310726855526889e-02
-5.725429173221249085e-02
-5.724552027355142569e-02
-5.723679267218367145e-02
-5.722810870882275025e-02
-5.721946816527863355e-02
-5.721087082445223959e-02
-5.720231647032997940e-02
-5.719380488797833062e-02
-5.718533586353843901e-02
-5.717690918422074775e-02
-5.716852463829964065e-02
-5.716018201510814079e-02
-5.715188110503260227e-02
-5.714362169950743670e-02
-5.713540359100990201e-02
-5.712722657305484980e-02
-5.711909044018957660e-02
-5.711099498798862667e-02
-5.710294001304868500e-02
-5.709492531298344248e-02
-5.708695068641852360e-02
-5.707901593298642801e-02
-5.707112085332149282e-02
-5.706326524905488279e-02
-5.705544892280960817e-02
-5.704767167819556339e-02
-5.703993331980458659e-02
-5.703223365320556071e-02
-5.702457248493953551e-02
-5.701694962251483562e-02
-5.700936487440225880e-02
-5.700181805003024654e-02
-5.699430895978009615e-02
-5.698683741498119376e-02
-5.697940322790628898e-02
-5.697200621176675556e-02
-5.696464618070792157e-02
-5.695732294980437871e-02
-5.695003633505535401e-02
-5.694278615338007471e-02
-5.693557222261317469e-02
-5.692839436150010785e-02
-5.692125238969261009e-02
-5.691414612774414739e-02
-5.690707539710542634e-02
-5.690004002011989775e-02
-5.689303982001929494e-02
-5.688607462091919975e-02
-5.687914424781460171e-02
-5.687224852657552648e-02
-5.686538728394265052e-02
-5.685856034752293647e-02
-5.685176754578532415e-02
-5.684500870805640066e-02
-5.683828366451611908e-02
-5.683159224619353800e-02
-5.682493428496256799e-02
-5.681830961353775272e-02
-5.681171806547006403e-02
-5.680515947514271080e-02
-5.679863367776699645e-02
-5.679214050937816255e-02
-5.678567980683127403e-02
-5.677925140779711832e-02
-5.677285515075813221e-02
-5.676649087500434260e-02
-5.676015842062932110e-02
-5.675385762852617338e-02
-5.674758834038354238e-02
-5.674135039868162533e-02
-5.673514364668821863e-02
-5.672896792845477654e-02
-5.672282308881250457e-02
-5.671670897336843903e-02
-5.671062542850159593e-02
-5.670457230135908522e-02
-5.669854943985228740e-02
-5.669255669265302333e-02
-5.668659390918975860e-02
-5.668066093964380797e-02
-5.667475763494558838e-02
-5.666888384677085805e-02
-5.666303942753700418e-02
-5.665722423039931677e-02
-5.665143810924731793e-02
-5.664568091870108429e-02
-5.663995251410757631e-02
-5.663425275153703697e-02
-5.662858148777934891e-02
-5.662293858034045391e-02
-5.661732388743875161e-02
-5.661173726800156070e-02
-5.660617858166155231e-02
-5.660064768875324587e-02
-5.659514445030947721e-02
-5.658966872805792914e-02
-5.658422038441764113e-02
-5.657879928249555379e-02
-5.657340528608307412e-02
-5.656803825965266153e-02
-5.656269806835440006e-02
-5.655738457801262609e-02
-5.655209765512256292e-02
-5.654683716684694855e-02
-5.654160298101271187e-02
-5.653639496610764897e-02
-5.653121299127711330e-02
-5.652605692632072659e-02
-5.652092664168912456e-02
-5.651582200848068172e-02
-5.651074289843827786e-02
-5.650568918394608536e-02
-5.650066073802635647e-02
-5.649565743433622445e-02
-5.649067914716454641e-02
-5.648572575142872532e-02
-5.648079712267158048e-02
-5.647589313705822511e-02
-5.647101367137293687e-02
-5.646615860301607004e-02
-5.646132781000098855e-02
-5.645652117095098510e-02
-5.645173856509622806e-02
-5.644697987227074998e-02
-5.644224497290939446e-02
-5.643753374804484635e-02
-5.643284607930462021e-02
-5.642818184890809746e-02
-5.642354093966355649e-02
-5.641892323496523753e-02
-5.641432861879041444e-02
-5.640975697569645952e-02
-5.640520819081797782e-02
-5.640068214986388578e-02
-5.639617873911456636e-02
-5.639169784541899627e-02
-5.638723935619190109e-02
-5.638280315941094495e-02
-5.637838914361389259e-02
-5.637399719789581987e-02
-5.636962721190633824e-02
-5.636527907584680530e-02
-5.636095268046757006e-02
-5.635664791706523208e-02
-5.635236467747990752e-02
-5.634810285409250913e-02
-5.634386233982204700e-02
-5.633964302812293629e-02
-5.633544481298231876e-02
-5.633126758891740526e-02
-5.632711125097281807e-02
-5.632297569471795412e-02
-5.631886081624436213e-02
-5.631476651216314050e-02
-5.631069267960232827e-02
-5.630663921620431694e-02
-5.630260602012329696e-02
-5.629859299002268336e-02
-5.629460002507256922e-02
-5.629062702494720682e-02
-5.628667388982246805e-02
-5.628274052037335329e-02
-5.627882681777148649e-02
-5.627493268368263107e-02
-5.627105802026421966e-02
-5.626720273016289769e-02
-5.626336671651208099e-02
-5.625954988292952014e-02
-5.625575213351487192e-02
-5.625197337284729843e-02
-5.624821350598305930e-02
-5.624447243845314554e-02
-5.624075007626087863e-02
-5.623704632587957220e-02
-5.623336109425017271e-02
-5.622969428877892112e-02
-5.622604581733502832e-02
-5.622241558824835062e-02
-5.621880351030710682e-02
-5.621520949275557455e-02
-5.621163344529179345e-02
-5.620807527806533782e-02
-5.620453490167501287e-02
-5.620101222716664124e-02
-5.619750716603080787e-02
-5.619401963020065338e-02
-5.619054953204964675e-02
-5.618709678438939953e-02
-5.618366130046745233e-02
-5.618024299396511684e-02
-5.617684177899529008e-02
-5.617345757010031027e-02
-5.617009028224980577e-02
-5.616673983083855792e-02
-5.616340613168436385e-02
-5.616008910102594093e-02
-5.615678865552081039e-02
-5.615350471224320877e-02
-5.615023718868199232e-02
-5.614698600273858309e-02
-5.614375107272488730e-02
-5.614053231736126220e-02
-5.613732965577445527e-02
-5.613414300749558494e-02
-5.613097229245810754e-02
-5.612781743099581888e-02
-5.612467834384084198e-02
-5.612155495212163558e-02
-5.611844717736103050e-02
-5.611535494147422420e-02
-5.611227816676685187e-02
-5.610921677593301571e-02
-5.610617069205334900e-02
-5.610313983859308018e-02
-5.610012413940011766e-02
-5.609712351870311392e-02
-5.609413790110959891e-02
-5.609116721160405106e-02
-5.608821137554603070e-02
-5.608527031866829965e-02
-5.608234396707496155e-02
-5.607943224723958842e-02
-5.607653508600338871e-02
-5.607365241057336858e-02
-5.607078414852049997e-02
-5.606793022777789570e-02
-5.606509057663900536e-02
-5.606226512375581117e-02
-5.605945379813703083e-02
-5.605665652914634811e-02
-5.605387324650061565e-02
-5.605110388026811330e-02
-5.604834836086677180e-02
-5.604560661906243801e-02
-5.604287858596712635e-02
-5.604016419303729096e-02
-5.603746337207210493e-02
-5.603477605521174632e-02
-5.603210217493568429e-02
-5.602944166406100684e-02
-5.602679445574069994e-02
-5.602416048346199606e-02
-5.602153968104468806e-02
-5.601893198263946383e-02
-5.601633732272626870e-02
-5.601375563611264013e-02
-5.601118685793207708e-02
-5.600863092364241624e-02
-5.600608776902420149e-02
-5.600355733017908094e-02
-5.600103954352818325e-02
-5.599853434581054251e-02
-5.599604167408148842e-02
-5.599356146571107806e-02
-5.599109365838252084e-02
-5.598863819009061021e-02
-5.598619499914015557e-02
-5.598376402414445563e-02
-5.598134520402373027e-02
-5.597893847800361478e-02
-5.597654378561359861e-02
-5.597416106668553354e-02
-5.597179026135210705e-02
-5.596943131004534361e-02
-5.596708415349511967e-02
-5.596474873272764411e-02
-5.596242498906400797e-02
-5.596011286411868568e-02
-5.595781229979809174e-02
-5.595552323829910274e-02
-5.595324562210760716e-02
-5.595097939399706899e-02
-5.594872449702708445e-02
-5.594648087454194563e-02
-5.594424847016923885e-02
-5.594202722781839443e-02
-5.593981709167930583e-02
-5.593761800622090719e-02
-5.593542991618979943e-02
-5.593325276660884859e-02
-5.593108650277580501e-02
-5.592893107026192939e-02
-5.592678641491061892e-02
-5.592465248283606805e-02
-5.592252922042188767e-02
-5.592041657431977980e-02
-5.591831449144817751e-02
-5.591622291899093350e-02
-5.591414180439598092e-02
-5.591207109537400105e-02
-5.591001073989713271e-02
-5.590796068619764692e-02
-5.590592088276665622e-02
-5.590389127835282412e-02
-5.590187182196106053e-02
-5.589986246285125193e-02
-5.589786315053699856e-02
-5.589587383478431676e-02
-5.589389446561039698e-02
-5.589192499328234781e-02
-5.588996536831593309e-02
-5.588801554147435069e-02
-5.588607546376697655e-02
-5.588414508644814344e-02
-5.588222436101590584e-02
-5.588031323921082566e-02
-5.587841167301477174e-02
-5.587651961464969869e-02
-5.587463701657645332e-02
-5.587276383149357428e-02
-5.587090001233610548e-02
-5.586904551227442339e-02
-5.586720028471305055e-02
-5.586536428328948284e-02
-5.586353746187303765e-02
-5.586171977456367427e-02
-5.585991117569085590e-02
-5.585811161981240475e-02
-5.585632106171334321e-02
-5.585453945640477674e-02
-5.585276675912275585e-02
-5.585100292532714505e-02
-5.584924791070051270e-02
-5.584750167114700681e-02
-5.584576416279127264e-02
-5.584403534197731472e-02
-5.584231516526742822e-02
-5.584060358944108876e-02
-5.583890057149388381e-02
-5.583720606863641633e-02
-5.583552003829323623e-02
-5.583384243810177172e-02
-5.583217322591126075e-02
-5.583051235978170324e-02
-5.582885979798279247e-02
-5.582721549899288122e-02
-5.582557942149792007e-02
-5.582395152439043051e-02
-5.582233176676847791e-02
-5.582072010793463768e-02
-5.581911650739496134e-02
-5.581752092485798428e-02
-5.581593332023369186e-02
-5.581435365363252021e-02
-5.581278188536435703e-02
-5.581121797593753542e-02
-5.580966188605784861e-02
-5.580811357662755767e-02
-5.580657300874442006e-02
-5.580504014370069737e-02
-5.580351494298219084e-02
-5.580199736826727680e-02
-5.580048738142594222e-02
-5.579898494451881324e-02
-5.579749001979621842e-02
-5.579600256969723809e-02
-5.579452255684875378e-02
-5.579304994406451140e-02
-5.579158469434419149e-02
-5.579012677087247241e-02
-5.578867613701810751e-02
-5.578723275633301615e-02
-5.578579659255135381e-02
-5.578436760958859625e-02
-5.578294577154065126e-02
-5.578153104268294971e-02
-5.578012338746953652e-02
-5.577872277053218947e-02
-5.577732915667953095e-02
-5.577594251089613292e-02
-5.577456279834164948e-02
-5.577318998434994263e-02
-5.577182403442819403e-02
-5.577046491425605157e-02
-5.576911258968476892e-02
-5.576776702673634512e-02
-5.576642819160266412e-02
-5.576509605064464831e-02
-5.576377057039142576e-02
-5.576245171753946989e-02
-5.576113945895177365e-02
-5.575983376165701694e-02
-5.575853459284873387e-02
-5.575724191988448708e-02
-5.575595571028506281e-02
-5.575467593173363823e-02
-5.575340255207496959e-02
-5.575213553931459426e-02
-5.575087486161801886e-02
-5.574962048730992825e-02
-5.574837238487338059e-02
-5.574713052294901633e-02
-5.574589487033427410e-02
-5.574466539598259968e-02
-5.574344206900268966e-02
-5.574222485865767962e-02
-5.574101373436439466e-02
-5.573980866569257231e-02
-5.573860962236410616e-02
-5.573741657425228258e-02
-5.573622949138102439e-02
-5.573504834392412066e-02
-5.573387310220449808e-02
-5.573270373669347855e-02
-5.573154021801000890e-02
-5.573038251691996015e-02
-5.572923060433535719e-02
-5.572808445131367805e-02
-5.572694402905711136e-02
-5.572580930891182782e-02
-5.572468026236726546e-02
-5.572355686105542882e-02
-5.572243907675015345e-02
-5.572132688136640505e-02
-5.572022024695957171e-02
-5.571911914572477698e-02
-5.571802354999615126e-02
-5.571693343224617262e-02
-5.571584876508494516e-02
-5.571476952125951898e-02
-5.571369567365322406e-02
-5.571262719528495555e-02
-5.571156405930852845e-02
-5.571050623901198373e-02
-5.570945370781692219e-02
-5.570840643927783831e-02
-5.570736440708144721e-02
-5.570632758504603932e-02
-5.570529594712080729e-02
-5.570426946738520069e-02
-5.570324812004827375e-02
-5.570223187944803311e-02
-5.570122072005079250e-02
-5.570021461645054128e-02
-5.569921354336828528e-02
-5.569821747565144310e-02
-5.569722638827318689e-02
-5.569624025633181791e-02
-5.569525905505015584e-02
-5.569428275977490739e-02
-5.569331134597603483e-02
-5.569234478924615234e-02
-5.569138306529992227e-02
-5.569042614997342378e-02
-5.568947401922355600e-02
-5.568852664912744138e-02
-5.568758401588180112e-02
-5.568664609580239316e-02
-5.568571286532338072e-02
-5.568478430099676330e-02
-5.568386037949177997e-02
-5.568294107759431955e-02
-5.568202637220634466e-02
-5.568111624034531582e-02
-5.568021065914358775e-02
-5.567930960584786815e-02
-5.567841305781862787e-02
-5.567752099252953196e-02
-5.567663338756688451e-02
-5.567575022062905277e-02
-5.567487146952590504e-02
-5.567399711217827646e-02
-5.567312712661738605e-02
-5.567226149098430249e-02
-5.567140018352938202e-02
-5.567054318261173418e-02
-5.566969046669867360e-02
-5.566884201436517882e-02
-5.566799780429335098e-02
-5.566715781527188656e-02
-5.566632202619552910e-02
-5.566549041606454890e-02
-5.566466296398422942e-02
-5.566383964916430532e-02
-5.566302045091848366e-02
-5.566220534866388875e-02
-5.566139432192056952e-02
-5.566058735031096522e-02
-5.565978441355941275e-02
-5.565898549149161240e-02
-5.565819056403415593e-02
-5.565739961121398544e-02
-5.565661261315791447e-02
-5.565582955009212157e-02
-5.565505040234165757e-02
-5.565427515032994599e-02
-5.565350377457829734e-02
-5.565273625570540256e-02
-5.565197257442687506e-02
-5.565121271155473726e-02
-5.565045664799696257e-02
-5.564970436475697585e-02
-5.564895584293318848e-02
-5.564821106371851955e-02
-5.564747000839992408e-02
-5.564673265835792110e-02
-5.564599899506612879e-02
-5.564526900009079957e-02
-5.564454265509034825e-02
-5.564381994181489405e-02
-5.564310084210581653e-02
-5.564238533789529068e-02
-5.564167341120581506e-02
-5.564096504414978855e-02
-5.564026021892903850e-02
-5.563955891783439051e-02
-5.563886112324521738e-02
-5.563816681762898814e-02
-5.563747598354084473e-02
-5.563678860362313711e-02
-5.563610466060502080e-02
-5.563542413730199893e-02
-5.563474701661549199e-02
-5.563407328153241460e-02
-5.563340291512475222e-02
-5.563273590054913093e-02
-5.563207222104638722e-02
-5.563141185994115862e-02
-5.563075480064145345e-02
-5.563010102663824841e-02
-5.562945052150505831e-02
-5.562880326889753368e-02
-5.562815925255304439e-02
-5.562751845629027719e-02
-5.562688086400882637e-02
-5.562624645968878428e-02
-5.562561522739033898e-02
-5.562498715125338555e-02
-5.562436221549711679e-02
-5.562374040441963458e-02
-5.562312170239753356e-02
-5.562250609388554728e-02
-5.562189356341611796e-02
-5.562128409559903564e-02
-5.562067767512104272e-02
-5.562007428674543841e-02
-5.561947391531171098e-02
-5.561887654573514916e-02
-5.561828216300647443e-02
-5.561769075219144542e-02
-5.561710229843049025e-02
-5.561651678693833867e-02
-5.561593420300364743e-02
-5.561535453198863249e-02
-5.561477775932868739e-02
-5.561420387053204323e-02
-5.561363285117938010e-02
-5.561306468692348015e-02
-5.561249936348885980e-02
-5.561193686667141589e-02
-5.561137718233805788e-02
-5.561082029642636787e-02
-5.561026619494423284e-02
-5.560971486396951158e-02
-5.560916628964966690e-02
-5.560862045820141875e-02
-5.560807735591041107e-02
-5.560753696913085797e-02
-5.560699928428520372e-02
-5.560646428786377576e-02
-5.560593196642445862e-02
-5.560540230659233307e-02
-5.560487529505937082e-02
-5.560435091858407369e-02
-5.560382916399115444e-02
-5.560331001817119673e-02
-5.560279346808034290e-02
-5.560227950073994008e-02
-5.560176810323624180e-02
-5.560125926272006108e-02
-5.560075296640645814e-02
-5.560024920157442818e-02
-5.559974795556655441e-02
-5.559924921578872359e-02
-5.559875296970977904e-02
-5.559825920486122924e-02
-5.559776790883692171e-02
-5.559727906929273766e-02
-5.559679267394627283e-02
-5.559630871057653911e-02
-5.559582716702365923e-02
-5.559534803118854063e-02
-5.559487129103259789e-02
-5.559439693457743359e-02
-5.559392494990454681e-02
-5.559345532515502092e-02
-5.559298804852924603e-02
-5.559252310828659976e-02
-5.559206049274516975e-02
-5.559160019028144134e-02
-5.559114218933003393e-02
-5.559068647838338179e-02
-5.559023304599146342e-02
-5.558978188076150323e-02
-5.558933297135769391e-02
-5.558888630650090507e-02
-5.558844187496839867e-02
-5.558799966559355848e-02
-5.558755966726559167e-02
-5.558712186892926510e-02
-5.558668625958462089e-02
-5.558625282828669883e-02
-5.558582156414526576e-02
-5.558539245632453801e-02
-5.558496549404291776e-02
-5.558454066657270154e-02
-5.558411796323983745e-02
-5.558369737342364059e-02
-5.558327888655652249e-02
-5.558286249212374130e-02
-5.558244817966312423e-02
-5.558203593876481080e-02
-5.558162575907098918e-02
-5.558121763027563250e-02
-5.558081154212425601e-02
-5.558040748441363255e-02
-5.558000544699156359e-02
-5.557960541975660862e-02
-5.557920739265782839e-02
-5.557881135569454206e-02
-5.557841729891607047e-02
-5.557802521242149324e-02
-5.557763508635938515e-02
-5.557724691092758712e-02
-5.557686067637294947e-02
-5.557647637299108212e-02
-5.557609399112612564e-02
-5.557571352117049446e-02
-5.557533495356464098e-02
-5.557495827879681966e-02
-5.557458348740283716e-02
-5.557421056996582343e-02
-5.557383951711599573e-02
-5.557347031953041583e-02
-5.557310296793276094e-02
-5.557273745309309482e-02
-5.557237376582763178e-02
-5.557201189699849386e-02
-5.557165183751350268e-02
-5.557129357832593652e-02
-5.557093711043430834e-02
-5.557058242488213673e-02
-5.557022951275772393e-02
-5.556987836519393376e-02
-5.556952897336796260e-02
-5.556918132850112435e-02
-5.556883542185862140e-02
-5.556849124474932955e-02
-5.556814878852558287e-02
-5.556780804458295170e-02
-5.556746900436003445e-02
-5.556713165933823556e-02
-5.556679600104154348e-02
-5.556646202103633636e-02
-5.556612971093115305e-02
-5.556579906237649885e-02
-5.556547006706461650e-02
-5.556514271672929189e-02
-5.556481700314564592e-02
-5.556449291812991936e-02
-5.556417045353927164e-02
-5.556384960127157269e-02
-5.556353035326521556e-02
-5.556321270149888747e-02
-5.556289663799139633e-02
-5.556258215480144175e-02
-5.556226924402743461e-02
-5.556195789780729588e-02
-5.556164810831826228e-02
-5.556133986777667122e-02
-5.556103316843778728e-02
-5.556072800259560102e-02
-5.556042436258262079e-02
-5.556012224076970624e-02
-5.555982162956586007e-02
-5.555952252141803382e-02
-5.555922490881094050e-02
-5.555892878426688802e-02
-5.555863414034555026e-02
-5.555834096964382129e-02
-5.555804926479560035e-02
-5.555775901847162523e-02
-5.555747022337926416e-02
-5.555718287226237007e-02
-5.555689695790105853e-02
-5.555661247311155515e-02
-5.555632941074599429e-02
-5.555604776369226644e-02
-5.555576752487380310e-02
-5.555548868724943107e-02
-5.555521124381318510e-02
-5.555493518759412053e-02
-5.555466051165614677e-02
-5.555438720909786771e-02
-5.555411527305238045e-02
-5.555384469668711578e-02
-5.555357547320367850e-02
-5.555330759583766015e-02
-5.555304105785847241e-02
-5.555277585256918060e-02
-5.555251197330633717e-02
-5.555224941343980816e-02
-5.555198816637260673e-02
-5.555172822554074047e-02
-5.555146958441303795e-02
-5.555121223649097523e-02
-5.555095617530852320e-02
-5.555070139443198107e-02
-5.555044788745982370e-02
-5.555019564802252119e-02
-5.554994466978240703e-02
-5.554969494643349770e-02
-5.554944647170133309e-02
-5.554919923934282383e-02
-5.554895324314611249e-02
-5.554870847693037933e-02
-5.554846493454572431e-02
-5.554822260987299365e-02
-5.554798149682362712e-02
-5.554774158933951239e-02
-5.554750288139281150e-02
-5.554726536698584988e-02
-5.554702904015092202e-02
-5.554679389495016661e-02
-5.554655992547541388e-02
-5.554632712584803983e-02
-5.554609549021879977e-02
-5.554586501276770338e-02
-5.554563568770386206e-02
-5.554540750926534320e-02
-5.554518047171901757e-02
-5.554495456936042047e-02
-5.554472979651361997e-02
-5.554450614753105031e-02
-5.554428361679339399e-02
-5.554406219870942907e-02
-5.554384188771588349e-02
-5.554362267827730321e-02
-5.554340456488591343e-02
-5.554318754206148678e-02
-5.554297160435117675e-02
-5.554275674632942056e-02
-5.554254296259777263e-02
-5.554233024778478661e-02
-5.554211859654586275e-02
-5.554190800356313684e-02
-5.554169846354532064e-02
-5.554148997122759085e-02
-5.554128252137145033e-02
-5.554107610876459628e-02
-5.554087072822077448e-02
-5.554066637457966832e-02
-5.554046304270676693e-02
-5.554026072749323334e-02
-5.554005942385576572e-02
-5.553985912673648634e-02
-5.553965983110280280e-02
-5.553946153194729007e-02
-5.553926422428755172e-02
-5.553906790316611580e-02
-5.553887256365028224e-02
-5.553867820083203261e-02
-5.553848480982787050e-02
-5.553829238577873140e-02
-5.553810092384983688e-02
-5.553791041923059058e-02
-5.553772086713443940e-02
-5.553753226279876942e-02
-5.553734460148477409e-02
-5.553715787847735008e-02
-5.553697208908496552e-02
-5.553678722863954198e-02
-5.553660329249634348e-02
-5.553642027603385850e-02
-5.553623817465368900e-02
-5.553605698378041855e-02
-5.553587669886151518e-02
-5.553569731536720649e-02
-5.553551882879036866e-02
-5.553534123464641536e-02
-5.553516452847317986e-02
-5.553498870583081087e-02
-5.553481376230165467e-02
-5.553463969349014401e-02
-5.553446649502269405e-02
-5.553429416254757750e-02
-5.553412269173484128e-02
-5.553395207827616781e-02
-5.553378231788478475e-02
-5.553361340629536097e-02
-5.553344533926388160e-02
-5.553327811256756480e-02
-5.553311172200472989e-02
-5.553294616339470718e-02
-5.553278143257773386e-02
-5.553261752541484297e-02
-5.553245443778776630e-02
-5.553229216559883025e-02
-5.553213070477083790e-02
-5.553197005124698576e-02
-5.553181020099075271e-02
-5.553165114998579593e-02
-5.553149289423586765e-02
-5.553133542976469023e-02
-5.553117875261586595e-02
-5.553102285885278683e-02
-5.553086774455852359e-02
-5.553071340583572851e-02
-5.553055983880655216e-02
-5.553040703961251850e-02
-5.553025500441445550e-02
-5.553010372939238409e-02
-5.552995321074542107e-02
-5.552980344469169577e-02
-5.552965442746823910e-02
-5.552950615533090023e-02
-5.552935862455424254e-02
-5.552921183143147421e-02
-5.552906577227431639e-02
-5.552892044341294769e-02
-5.552877584119588622e-02
-5.552863196198990631e-02
-5.552848880217995525e-02
-5.552834635816905617e-02
-5.552820462637821086e-02
-5.552806360324631652e-02
-5.552792328523008247e-02
-5.552778366880393307e-02
-5.552764475045991049e-02
-5.552750652670761233e-02
-5.552736899407407362e-02
-5.552723214910370436e-02
-5.552709598835818550e-02
-5.552696050841639253e-02
-5.552682570587431227e-02
-5.552669157734493877e-02
-5.552655811945821085e-02
-5.552642532886092192e-02
-5.552629320221661585e-02
-5.552616173620553153e-02
-5.552603092752450564e-02
-5.552590077288688253e-02
-5.552577126902244475e-02
-5.552564241267732986e-02
-5.552551420061394016e-02
-5.552538662961087335e-02
-5.552525969646281839e-02
-5.552513339798050701e-02
-5.552500773099060261e-02
-5.552488269233565171e-02
-5.552475827887397297e-02
-5.552463448747960162e-02
-5.552451131504220622e-02
-5.552438875846699845e-02
-5.552426681467466374e-02
-5.552414548060129185e-02
-5.552402475319828667e-02
-5.552390462943229688e-02
-5.552378510628513258e-02
-5.552366618075370991e-02
-5.552354784984993991e-02
-5.552343011060068695e-02
-5.552331296004768546e-02
-5.552319639524744971e-02
-5.552308041327121135e-02
-5.552296501120485700e-02
-5.552285018614883105e-02
-5.552273593521808714e-02
-5.552262225554199793e-02
-5.552250914426428569e-02
-5.552239659854296683e-02
-5.552228461555025474e-02
-5.552217319247250427e-02
-5.552206232651014234e-02
-5.552195201487759163e-02
-5.552184225480320118e-02
-5.552173304352918393e-02
-5.552162437831154040e-02
-5.552151625641998239e-02
-5.552140867513788436e-02
-5.552130163176219324e-02
-5.552119512360337988e-02
-5.552108914798536271e-02
-5.552098370224543833e-02
-5.552087878373421215e-02
-5.552077438981554286e-02
-5.552067051786646612e-02
-5.552056716527713209e-02
-5.552046432945074300e-02
-5.552036200780349068e-02
-5.552026019776447330e-02
-5.552015889677565375e-02
-5.552005810229177635e-02
-5.551995781178031830e-02
-5.551985802272141335e-02
-5.551975873260780320e-02
-5.551965993894476120e-02
-5.551956163925003684e-02
-5.551946383105378635e-02
-5.551936651189851718e-02
-5.551926967933902557e-02
-5.551917333094232715e-02
-5.551907746428761531e-02
-5.551898207696617793e-02
-5.551888716658134881e-02
-5.551879273074844523e-02
-5.551869876709470547e-02
-5.551860527325923333e-02
-5.551851224689293568e-02
-5.551841968565847385e-02
-5.551832758723018041e-02
-5.551823594929403138e-02
-5.551814476954756300e-02
-5.551805404569982311e-02
-5.551796377547132261e-02
-5.551787395659396607e-02
-5.551778458681099621e-02
-5.551769566387693838e-02
-5.551760718555755203e-02
-5.551751914962976125e-02
-5.551743155388161322e-02
-5.551734439611220179e-02
-5.551725767413163981e-02
-5.551717138576098276e-02
-5.551708552883218017e-02
-5.551700010118802014e-02
-5.551691510068208074e-02
-5.551683052517866757e-02
-5.551674637255277212e-02
-5.551666264069000933e-02
-5.551657932748656210e-02
-5.551649643084913266e-02
-5.551641394869488710e-02
-5.551633187895141375e-02
-5.551625021955665373e-02
-5.551616896845887328e-02
-5.551608812361658041e-02
-5.551600768299849720e-02
-5.551592764458350426e-02
-5.551584800636058525e-02
-5.551576876632878521e-02
-5.551568992249714118e-02
-5.551561147288465448e-02
-5.551553341552022819e-02
-5.551545574844262559e-02
-5.551537846970041462e-02
-5.551530157735191234e-02
-5.551522506946515029e-02
-5.551514894411782586e-02
-5.551507319939723989e-02
-5.551499783340025501e-02
-5.551492284423325402e-02
-5.551484823001208435e-02
-5.551477398886202341e-02
-5.551470011891771611e-02
-5.551462661832312628e-02
-5.551455348523150896e-02
-5.551448071780535481e-02
-5.551440831421632777e-02
-5.551433627264524412e-02
-5.551426459128201707e-02
-5.551419326832560813e-02
-5.551412230198397857e-02
-5.551405169047406163e-02
-5.551398143202169316e-02
-5.551391152486158387e-02
-5.551384196723727765e-02
-5.551377275740108919e-02
-5.551370389361408308e-02
-5.551363537414601146e-02
-5.551356719727527922e-02
-5.551349936128890245e-02
-5.551343186448245981e-02
-5.551336470516005095e-02
-5.551329788163424789e-02
-5.551323139222607422e-02
-5.551316523526494268e-02
-5.551309940908862040e-02
-5.551303391204318038e-02
-5.551296874248296681e-02
-5.551290389877055337e-02
-5.551283937927670165e-02
-5.551277518238031949e-02
-5.551271130646841939e-02
-5.551264774993607681e-02
-5.551258451118639553e-02
-5.551252158863046599e-02
-5.551245898068731671e-02
-5.551239668578387965e-02
-5.551233470235496237e-02
-5.551227302884318565e-02
-5.551221166369896959e-02
-5.551215060538047807e-02
-5.551208985235357718e-02
-5.551202940309180739e-02
-5.551196925607634891e-02
-5.551190940979596616e-02
-5.551184986274698696e-02
-5.551179061343325394e-02
-5.551173166036608986e-02
-5.551167300206425598e-02
-5.551161463705393817e-02
-5.551155656386867060e-02
-5.551149878104932878e-02
-5.551144128714408099e-02
-5.551138408070836056e-02
-5.551132716030481723e-02
-5.551127052450329641e-02
-5.551121417188077667e-02
-5.551115810102136977e-02
-5.551110231051626515e-02
-5.551104679896368133e-02
-5.551099156496886594e-02
-5.551093660714401939e-02
-5.551088192410830180e-02
-5.551082751448776359e-02
-5.551077337691532471e-02
-5.551071951003074684e-02
-5.551066591248059179e-02
-5.551061258291818679e-02
-5.551055952000359672e-02
-5.551050672240357559e-02
-5.551045418879155952e-02
-5.551040191784760436e-02
-5.551034990825836485e-02
-5.551029815871707379e-02
-5.551024666792348655e-02
-5.551019543458386718e-02
-5.551014445741094677e-02
-5.551009373512388878e-02
-5.551004326644826820e-02
-5.550999305011602991e-02
-5.550994308486544709e-02
-5.550989336944112118e-02
-5.550984390259391249e-02
-5.550979468308094023e-02
-5.550974570966553390e-02
-5.550969698111720557e-02
-5.550964849621162212e-02
-5.550960025373056356e-02
-5.550955225246190922e-02
-5.550950449119960300e-02
-5.550945696874360485e-02
-5.550940968389988378e-02
-5.550936263548038319e-02
-5.550931582230297923e-02
-5.550926924319146694e-02
-5.550922289697551165e-02
-5.550917678249063514e-02
-5.550913089857818089e-02
-5.550908524408529332e-02
-5.550903981786486918e-02
-5.550899461877554369e-02
-5.550894964568166279e-02
-5.550890489745325534e-02
-5.550886037296599157e-02
-5.550881607110116217e-02
-5.550877199074565754e-02
-5.550872813079192614e-02
-5.550868449013796752e-02
-5.550864106768727685e-02
-5.550859786234883797e-02
-5.550855487303709562e-02
-5.550851209867190689e-02
-5.550846953817854812e-02
-5.550842719048765250e-02
-5.550838505453521698e-02
-5.550834312926253983e-02
-5.550830141361622755e-02
-5.550825990654814635e-02
-5.550821860701540822e-02
-5.550817751398032934e-02
-5.550813662641043006e-02
-5.550809594327837937e-02
-5.550805546356198800e-02
-5.550801518624418063e-02
-5.550797511031296122e-02
-5.550793523476139912e-02
-5.550789555858759439e-02
-5.550785608079465694e-02
-5.550781680039068577e-02
-5.550777771638873426e-02
-5.550773882780678931e-02
-5.550770013366775751e-02
-5.550766163299941658e-02
-5.550762332483442224e-02
-5.550758520821025277e-02
-5.550754728216920203e-02
-5.550750954575835866e-02
-5.550747199802956444e-02
-5.550743463803941430e-02
-5.550739746484921466e-02
-5.550736047752496960e-02
-5.550732367513734611e-02
-5.550728705676166025e-02
-5.550725062147784938e-02
-5.550721436837045830e-02
-5.550717829652860452e-02
-5.550714240504596442e-02
-5.550710669302073158e-02
-5.550707115955563070e-02
-5.550703580375785512e-02
-5.550700062473906682e-02
-5.550696562161536868e-02
-5.550693079350729059e-02
-5.550689613953975476e-02
-5.550686165884205492e-02
-5.550682735054784239e-02
-5.550679321379510534e-02
-5.550675924772612707e-02
-5.550672545148749304e-02
-5.550669182423005610e-02
-5.550665836510890877e-02
-5.550662507328336243e-02
-5.550659194791694728e-02
-5.550655898817736383e-02
-5.550652619323647591e-02
-5.550649356227029679e-02
-5.550646109445894760e-02
-5.550642878898665034e-02
-5.550639664504171400e-02
-5.550636466181650686e-02
-5.550633283850742172e-02
-5.550630117431488292e-02
-5.550626966844331156e-02
-5.550623832010109782e-02
-5.550620712850059396e-02
-5.550617609285809356e-02
-5.550614521239380372e-02
-5.550611448633183814e-02
-5.550608391390018242e-02
-5.550605349433068020e-02
-5.550602322685902618e-02
-5.550599311072473147e-02
-5.550596314517110969e-02
-5.550593332944525615e-02
-5.550590366279802707e-02
-5.550587414448403950e-02
-5.550584477376161591e-02
-5.550581554989280492e-02
-5.550578647214333972e-02
-5.550575753978262417e-02
-5.550572875208371199e-02
-5.550570010832329287e-02
-5.550567160778167863e-02
-5.550564324974276847e-02
-5.550561503349405595e-02
-5.550558695832658734e-02
-5.550555902353495469e-02
-5.550553122841728193e-02
-5.550550357227519715e-02
-5.550547605441381871e-02
-5.550544867414174827e-02
-5.550542143077103613e-02
-5.550539432361718123e-02
-5.550536735199909644e-02
-5.550534051523910162e-02
-5.550531381266290282e-02
-5.550528724359958532e-02
-5.550526080738158591e-02
-5.550523450334467895e-02
-5.550520833082795563e-02
-5.550518228917381697e-02
-5.550515637772794608e-02
-5.550513059583930819e-02
